layer: InputScaling
  scale: [
    1, 1,
  ]
layer: FullyConnected
  weights[0]: [
    1.49, -1.49,
  ]
  weights[1]: [
    -0.507, -0.559,
  ]
  weights[2]: [
    -0.7, -0.308,
  ]
  weights[3]: [
    -0.302, -0.793,
  ]
  weights[4]: [
    0.475, -0.759,
  ]
  weights[5]: [
    0.4, 0.391,
  ]
  weights[6]: [
    1.02, -0.257,
  ]
  weights[7]: [
    -0.28, 0.355,
  ]
  weights[8]: [
    -0.33, -0.55,
  ]
  weights[9]: [
    -0.159, 1.38,
  ]
  weights[10]: [
    -0.61, -0.61,
  ]
  weights[11]: [
    -1.06, 1.06,
  ]
  weights[12]: [
    1.05, 0.625,
  ]
  weights[13]: [
    -0.731, -0.534,
  ]
  weights[14]: [
    -1.07, 1.07,
  ]
  weights[15]: [
    0.605, 1.06,
  ]
  weights[16]: [
    0.276, -0.538,
  ]
  weights[17]: [
    0.393, -0.592,
  ]
  weights[18]: [
    -0.948, 0.068,
  ]
  weights[19]: [
    0.982, -0.982,
  ]
  weights[20]: [
    1.4, -1.4,
  ]
  weights[21]: [
    -1.33, 1.52,
  ]
  weights[22]: [
    0.719, -0.719,
  ]
  weights[23]: [
    -0.28, 0.181,
  ]
  weights[24]: [
    -0.564, -0.563,
  ]
  weights[25]: [
    1.37, 0.167,
  ]
  weights[26]: [
    0.359, 0.771,
  ]
  weights[27]: [
    0.914, -1.12,
  ]
  weights[28]: [
    -0.324, -0.884,
  ]
  weights[29]: [
    0.787, -0.13,
  ]
  weights[30]: [
    0.398, -0.488,
  ]
  weights[31]: [
    -0.844, 0.712,
  ]
  biases: [
    3.76e-05, 0.507, 0.308, -0.138, 0.498, -0.104, 0.304, -0.243,
    -0.077, 0.487, 0.61, 3.78e-05, 0.14, 0.534, 1.84e-06, 0.637,
    0.276, 0.593, -0.318, -1.84e-05, 2.02e-05, -2.57e-05, 3.89e-06, 0.546,
    0.564, 0.431, 0.528, 0.207, 0.324, 0.375, 0.0153, 1.03e-05,
  ]
layer: Activation
  function: PReLU
  weights: [
    0.182, 0.226, 0.22, 0.293, 0.23, 0.253, 0.247, 0.314,
    0.269, 0.268, 0.22, 0.169, 0.25, 0.228, 0.176, 0.25,
    0.25, 0.239, 0.273, 0.192, 0.197, 0.189, 0.189, 0.254,
    0.186, 0.25, 0.25, 0.213, 0.268, 0.258, 0.205, 0.227,
  ]
layer: FullyConnected
  weights[0]: [
    -0.23, -0.186, -0.0131, 0.163, -0.212, 0.161, -0.209, 0.227,
    -0.0996, 0.329, 0.076, 0.0764, -0.235, -0.0562, 0.216, 0.0743,
    -0.0791, -0.301, 0.179, -0.257, 0.179, 0.189, -0.07, 0.197,
    -0.0375, -0.0259, 0.0373, 0.0949, 0.128, -0.0821, 0.18, 0.299,
  ]
  weights[1]: [
    -0.286, 0.0164, -0.0121, -0.186, -0.0231, 0.115, -0.286, -0.146,
    -0.00434, 0.229, 0.177, 0.275, 0.225, 0.124, 0.331, 0.386,
    0.078, 0.0411, 0.0596, 0.128, -0.104, -0.146, 0.109, 0.269,
    -0.0439, 0.167, 0.155, -0.261, 0.0247, 0.158, 0.142, 0.14,
  ]
  weights[2]: [
    0.0496, -0.144, -0.183, -0.122, 0.00318, -0.225, -0.311, -0.137,
    -0.151, 0.182, -0.101, 0.379, 0.24, -0.115, 0.246, 0.169,
    0.0262, 0.175, -0.093, 0.254, 0.266, 0.347, -0.0557, 0.195,
    -0.26, -0.183, 0.0811, 0.0577, -0.19, 0.0565, 0.147, -0.11,
  ]
  weights[3]: [
    0.334, -0.0201, 0.0587, 0.0277, 0.279, 0.135, 0.0388, 0.097,
    0.0636, -0.0989, -0.251, 0.22, -0.091, 0.0884, -0.0376, 0.195,
    0.0591, 0.189, 0.058, 0.0562, 0.199, 0.12, 0.266, -0.264,
    -0.218, -0.0985, -0.122, 0.229, 0.146, 0.199, 0.151, -0.046,
  ]
  weights[4]: [
    -0.205, -0.0417, 0.101, 0.0588, -0.0732, -0.00798, -0.119, 0.14,
    0.0771, -0.0188, 0.0929, 0.0964, -0.0464, 0.00374, -0.0133, 0.124,
    -0.0114, -0.065, 0.057, -0.242, -0.159, -0.309, -0.21, -0.0425,
    0.0406, 0.0425, -0.211, 0.13, 0.052, -0.0787, -0.0794, -0.156,
  ]
  weights[5]: [
    -0.212, -0.029, 0.0284, 0.0687, 0.0314, -0.0388, -0.0374, -0.0842,
    0.0766, 0.158, -0.0232, -0.0784, 0.0912, 0.0461, -0.298, -0.114,
    -0.0158, -0.0466, 0.0677, -0.0457, -0.0534, -0.286, -0.0486, -0.0765,
    -0.0179, 0.0457, -0.0386, -0.00169, 0.0386, -0.052, 0.0582, 0.0958,
  ]
  weights[6]: [
    0.0712, -0.124, 0.0861, -0.249, -0.158, 0.165, -0.0423, -0.118,
    -0.237, 0.0952, -0.114, 0.0868, 0.231, -0.284, 0.0672, -0.0203,
    -0.089, -0.251, 0.0313, 0.0648, -0.303, -0.272, 0.0404, 0.0626,
    0.171, 0.109, -0.163, 0.0544, -0.118, 0.198, -0.127, -0.368,
  ]
  weights[7]: [
    -0.24, 0.104, -0.00525, 0.104, -0.148, 0.269, -0.182, -0.215,
    -0.136, 0.208, -0.00798, -0.0508, 0.09, -0.286, -0.241, 0.316,
    0.00185, -0.138, -0.126, 0.00972, -0.249, -0.188, -0.141, -0.0913,
    -0.0603, 0.25, -0.221, -0.0118, -0.264, -0.173, 0.0555, -0.325,
  ]
  weights[8]: [
    -0.276, 0.016, -0.00776, -0.176, 0.146, -0.0429, 0.108, -0.181,
    -0.0464, 0.0341, -0.102, -0.211, 0.2, -0.00403, -0.0441, 0.0934,
    0.188, 0.234, -0.221, -0.0299, -0.25, -0.268, 0.00567, -0.15,
    -0.125, 0.363, 0.124, 0.271, 0.183, 0.32, -0.19, -0.298,
  ]
  weights[9]: [
    0.395, -0.224, -0.164, 0.245, 0.0953, -0.185, 0.233, -0.0339,
    0.0463, -0.201, -0.134, 0.0374, 0.131, -0.00569, -0.103, 0.0984,
    0.272, 0.385, 0.155, 0.275, 0.223, -0.109, 0.201, -0.348,
    0.147, 0.0556, -0.3, 0.0192, 0.0626, 0.271, 0.0369, 0.14,
  ]
  weights[10]: [
    0.118, 0.0578, -0.273, 0.118, -0.0443, -0.0972, 0.243, 0.183,
    -0.0412, -0.248, 0.111, 0.12, -0.111, -0.0432, -0.147, 0.185,
    0.103, 0.119, 0.0613, 0.175, 0.34, 4.79e-05, -0.0115, -0.221,
    -0.204, -0.0156, -0.0525, 0.333, 0.0842, 0.211, -0.132, -0.0673,
  ]
  weights[11]: [
    0.0447, -0.2, 0.125, -0.129, -0.00588, 0.152, 0.143, 0.0924,
    0.116, 0.0766, -0.0331, 0.166, 0.254, -0.341, 0.0112, 0.187,
    -0.0516, 0.0217, -0.0242, 0.0536, 0.128, 0.398, 0.0897, 0.0395,
    0.119, -0.185, 0.0772, 0.188, -0.299, 0.109, 0.0938, -0.0909,
  ]
  weights[12]: [
    0.0566, -0.127, 0.174, -0.137, 0.0891, -0.161, 0.107, -0.033,
    0.0301, -0.145, 0.0463, -0.144, 0.292, 0.239, -0.24, 0.101,
    0.169, -0.0743, -0.152, 0.0299, 0.128, -0.17, -0.0904, -0.069,
    0.234, 0.255, 0.101, -0.0375, 0.0945, -0.0724, -0.0579, -0.179,
  ]
  weights[13]: [
    0.00246, 0.113, -0.252, -0.198, -0.119, 0.237, -0.139, 0.161,
    -0.172, 0.171, -0.145, -0.352, 0.0873, -0.0402, -0.351, 0.139,
    -0.183, -0.214, 0.0122, -0.204, -0.0708, -0.219, -0.242, 0.12,
    -0.00959, 0.282, 0.0623, -0.177, 0.096, 0.042, -0.0381, -0.228,
  ]
  weights[14]: [
    -0.331, 0.12, -0.154, -0.27, 0.0502, 0.18, 0.198, -0.0348,
    0.0191, -0.0912, 0.403, -0.385, -0.19, 0.116, -0.321, -0.0662,
    -0.0843, 0.167, -0.264, -0.377, -0.335, -0.0314, -0.168, 0.293,
    0.143, 0.162, 0.384, -0.136, 0.169, 0.313, -0.148, -0.299,
  ]
  weights[15]: [
    -0.0116, 0.199, 0.123, 0.148, 0.222, -0.209, -0.0818, 0.0774,
    -0.0694, -0.0434, 0.0961, -0.103, -0.272, 0.323, -0.0588, 0.141,
    0.00727, 0.187, -0.0883, -0.0936, 0.091, -0.277, -0.208, -0.022,
    0.291, -0.106, -0.263, 0.135, 0.161, 0.142, 0.0628, 0.0608,
  ]
  weights[16]: [
    -0.318, 0.165, 0.325, 0.212, 0.0429, 0.0118, -0.0863, -0.236,
    0.188, 0.171, 0.292, 0.0529, 0.0906, 0.287, -0.24, 0.0676,
    0.0646, 0.402, -0.21, -0.212, -0.214, -0.339, -0.179, 0.319,
    0.33, 0.0077, -0.0116, 0.224, 0.123, -0.0685, -0.0177, -0.114,
  ]
  weights[17]: [
    -0.0463, -0.0753, -0.0426, 0.163, 0.0122, -0.0439, 0.0232, -0.188,
    -0.137, 0.186, 0.0196, -0.18, 0.225, 0.102, -0.18, 0.285,
    0.139, 0.179, 0.15, -0.241, -0.127, 0.0544, -0.209, 0.156,
    0.102, 0.0394, 0.225, -0.0406, 0.13, 0.171, 0.0961, -0.0855,
  ]
  weights[18]: [
    0.31, -0.202, -0.204, -0.161, 0.162, 0.176, 0.132, -0.148,
    0.148, 0.141, -0.0727, 0.287, 0.272, -0.168, 0.317, 0.245,
    0.145, 0.0953, 0.0431, 0.0989, 0.051, 0.4, 0.38, 0.192,
    -0.0383, -0.104, 0.118, 0.228, -0.102, -0.282, 0.154, 0.0197,
  ]
  weights[19]: [
    0.0467, -0.00788, -0.278, 0.0837, 0.0828, -0.123, 0.146, -0.133,
    -0.217, 0.237, -0.338, 0.326, -0.219, -0.163, 0.297, 0.234,
    0.0168, 0.261, 0.0815, 0.157, 0.225, 0.0179, 0.264, -0.05,
    -0.206, 0.23, 0.126, 0.343, -0.245, -0.193, 0.0541, 0.247,
  ]
  weights[20]: [
    -0.0775, -0.181, 0.196, -0.138, -0.0784, -0.17, 0.0883, -0.128,
    -0.0453, 0.109, -0.157, 0.0821, -0.0545, -0.214, -0.157, 0.0723,
    -0.167, 0.113, 0.226, 0.196, -0.173, -0.164, 0.0529, -0.125,
    0.187, 0.217, -0.286, 0.0907, -0.192, -0.258, 0.151, 0.174,
  ]
  weights[21]: [
    -0.282, -0.117, -0.0104, 0.0529, -0.0928, 0.107, -0.293, 0.0296,
    -0.0814, 0.157, -0.112, 0.0945, 0.12, -0.129, 0.397, -0.0244,
    -0.0781, -0.0215, 0.117, -0.224, -0.123, 0.376, -0.0288, 0.268,
    -0.0491, -0.207, 0.0322, 0.0747, 0.14, -0.0794, 0.0467, -0.085,
  ]
  weights[22]: [
    -0.167, 0.358, 0.0778, 0.223, 0.132, -0.177, 0.231, -0.00972,
    0.0964, -0.0109, -0.106, 0.117, 0.0827, 0.296, -0.0392, 0.234,
    0.105, 0.289, -0.0169, -0.18, -0.247, -0.346, -0.132, -0.094,
    0.193, 0.118, -0.105, -0.00834, -0.0987, 0.0315, -0.034, -0.00349,
  ]
  weights[23]: [
    0.362, -0.199, -0.186, -0.157, 0.292, -0.2, 0.161, -0.156,
    -0.186, 0.028, 0.0465, -0.136, -0.0704, -0.228, 0.367, 0.215,
    0.0931, -0.138, -0.134, 0.24, 0.22, 0.263, -0.00816, 0.016,
    -0.189, -0.0375, 0.153, -0.000884, -0.00699, -0.218, 0.273, 0.201,
  ]
  weights[24]: [
    -0.0564, 0.0309, 0.0884, 0.0854, 0.0543, -0.00388, 0.0673, 0.0303,
    0.103, -0.103, 0.168, 0.0189, -0.194, -0.116, -0.141, 0.197,
    0.013, -0.0941, -0.118, 0.377, 0.364, 0.197, 0.296, 0.102,
    -0.32, 0.107, -0.108, 0.31, -0.0365, -0.039, -0.111, 0.0381,
  ]
  weights[25]: [
    -0.325, 0.198, 0.0652, 0.142, 0.188, -0.109, 0.31, -0.0207,
    -0.162, -0.162, 0.321, -0.184, 0.132, 0.0671, -0.0469, 0.255,
    -0.0147, 0.321, 0.0975, -0.000782, -0.353, -0.178, -0.237, 0.228,
    0.241, 0.289, -0.146, -0.0522, -0.047, 0.0442, -0.171, -0.264,
  ]
  weights[26]: [
    -0.371, 0.209, 0.143, -0.0774, 0.0938, 0.0109, 0.298, -0.189,
    -0.169, 0.29, 0.122, -0.0375, 0.0192, -0.0226, -0.302, 0.0625,
    -0.0417, 0.194, 0.00217, -0.202, -0.189, -0.277, -0.29, 0.00233,
    0.35, 0.125, -0.0576, 0.095, 0.221, -0.104, -0.0296, -0.265,
  ]
  weights[27]: [
    0.126, 0.0196, 0.0427, -0.142, -0.0945, -0.0412, 0.18, 0.025,
    -0.06, -0.216, 0.206, -0.181, 0.262, 0.365, -0.00315, 0.179,
    -0.0596, -0.193, -0.227, 0.00532, -0.238, -0.297, -0.27, 0.0944,
    0.308, -0.201, 0.102, -0.164, 0.0464, 0.368, 0.109, 0.174,
  ]
  weights[28]: [
    0.167, -0.128, 0.0386, -0.191, -0.0749, 0.034, 0.0767, -0.254,
    0.0583, 0.00344, 0.226, 0.0332, 0.0601, -0.0364, 0.144, 0.194,
    -0.0867, -0.073, -0.0817, -0.0573, -0.134, -0.0485, -0.197, 0.0205,
    -0.178, 0.084, 0.0066, -0.157, 0.17, -0.104, 0.0818, -0.107,
  ]
  weights[29]: [
    -0.314, 0.251, 0.155, -0.281, 0.025, -0.127, 0.14, -0.178,
    0.202, 0.349, 0.239, 0.0645, 0.0641, 0.219, 0.0235, 0.237,
    0.0712, 0.107, 0.101, -0.0822, -0.211, 0.111, -0.226, 0.164,
    0.0372, 0.0131, 0.0132, 0.0377, -0.238, 0.1, 0.0812, -0.225,
  ]
  weights[30]: [
    -0.269, 0.157, 0.14, -0.0132, 0.101, 0.273, -0.0644, -0.178,
    -0.0293, 0.28, -0.0378, -0.322, -0.109, 0.0559, -0.258, 0.165,
    0.0697, 0.256, -0.303, 0.0986, -0.0254, -0.317, -0.201, 0.205,
    -0.0419, 0.183, 0.0859, -0.249, 0.0178, -0.0343, -0.0231, -0.345,
  ]
  weights[31]: [
    -0.145, 0.0981, 0.166, 0.0264, 0.0781, 0.141, 0.22, -0.229,
    0.0926, 0.193, -0.109, 0.154, -0.0653, 0.144, -0.293, 0.324,
    0.0879, 0.0582, 0.0148, -0.126, 0.173, 0.0122, 0.00529, 0.321,
    0.259, 0.35, 0.265, 0.207, -0.106, -0.101, 0.0665, -0.017,
  ]
  biases: [
    0.0394, 0.0816, 0.0746, -0.0466, 0.00913, -0.0218, -0.0486, 0.0661,
    0.0934, -0.0235, -0.00425, 0.023, 0.0848, -0.0164, 0.117, 0.0902,
    0.108, 0.0125, 0.0169, 0.0466, -0.031, 0.0974, 0.0819, 0.0474,
    -0.0454, 0.11, 0.113, 0.0974, -0.0494, 0.0748, 0.121, 0.114,
  ]
layer: Activation
  function: PReLU
  weights: [
    0.275, 0.25, 0.293, 0.217, 0.301, 0.318, 0.192, 0.28,
    0.245, 0.196, 0.169, 0.285, 0.261, 0.191, 0.288, 0.252,
    0.28, 0.25, 0.25, 0.268, 0.247, 0.168, 0.282, 0.279,
    0.278, 0.271, 0.29, 0.269, 0.272, 0.28, 0.258, 0.25,
  ]
layer: FullyConnected
  weights[0]: [
    -0.0153, 0.197, -0.204, -0.0429, 0.0049, 0.00745, 0.0379, 0.0554,
    -0.0409, -0.186, -0.135, -0.0708, 0.0168, 0.0567, 0.322, 0.131,
    0.343, -0.0366, -0.121, 0.0043, -0.0101, -0.13, 0.0426, -0.0947,
    -0.00676, 0.238, 0.122, 0.0297, 0.0437, 0.0662, 0.169, 0.213,
  ]
  weights[1]: [
    -0.0407, -0.053, 0.11, 0.00782, -0.0411, 0.0677, 0.361, 0.331,
    0.293, -0.311, -0.156, -0.241, -0.108, 0.203, 0.195, 0.307,
    0.406, 0.216, -0.175, 0.0898, 0.091, 0.0301, 0.136, -0.154,
    -0.132, -0.0433, 0.401, 0.25, 0.144, 0.0182, 0.186, 0.0152,
  ]
  weights[2]: [
    -0.0652, 0.00106, -0.265, -0.091, -0.0289, 0.123, 0.26, 0.16,
    0.165, -0.247, -0.125, -0.0982, 0.0133, 0.355, 0.308, -0.138,
    0.362, 0.306, -0.323, 0.14, -0.127, 0.0396, 0.324, -0.18,
    0.0251, 0.411, 0.175, 0.0889, -0.0919, 0.221, 0.0624, 0.318,
  ]
  weights[3]: [
    -0.00898, -0.0564, 0.363, 0.371, -0.187, -0.0314, -0.159, -0.139,
    -0.116, 0.296, -0.114, 0.172, 0.115, -0.227, 0.0137, -0.243,
    -0.258, -0.265, 0.36, 0.112, -0.0864, 0.189, -0.0562, 0.372,
    0.271, 0.0645, 0.00455, -0.252, -0.0109, -0.217, -0.195, 0.261,
  ]
  weights[4]: [
    0.0698, 0.111, 0.162, -0.0149, -0.00906, -0.01, -0.00359, -0.0376,
    -0.111, 0.192, 0.106, 0.0448, 0.0113, 0.0272, -0.155, 0.0105,
    -0.0265, 0.0679, 0.151, -0.0259, -0.00166, 0.133, -0.0514, 0.0563,
    0.0628, -0.162, -0.0967, -0.0992, -0.00181, -0.0351, 0.0278, 0.0766,
  ]
  weights[5]: [
    -0.339, -0.0341, 0.133, -0.319, -0.153, -0.0381, 0.181, 0.319,
    0.118, -0.164, -0.0279, 0.246, 0.148, 0.357, 0.197, 0.233,
    -0.0237, -0.194, 0.0584, -0.0306, 0.0136, -0.161, -0.128, -0.22,
    -0.227, 0.0445, 0.0791, -0.0132, 0.272, -0.0128, 0.36, 0.195,
  ]
  weights[6]: [
    -0.103, 0.147, -0.0939, -0.222, 0.00806, 0.00698, 0.0695, 0.0351,
    0.229, -0.233, -0.00804, 0.0215, 0.038, -0.0293, 0.247, 0.034,
    0.181, 0.0132, 0.0902, -0.0494, -0.00351, -0.123, 0.182, -0.112,
    -0.00321, 0.326, 0.285, 0.128, 0.0778, -0.0144, 0.0453, -0.0503,
  ]
  weights[7]: [
    -0.0484, 0.0926, -0.0534, -0.084, 0.0112, 0.00683, 0.0226, 0.0631,
    0.151, -0.00895, -0.0867, -0.0401, 0.0744, 0.0456, 0.106, 0.0723,
    0.0336, 0.127, -0.0745, -0.175, -0.00397, -0.121, 0.0445, -0.188,
    -0.0642, 0.244, 0.138, 0.08, 0.0218, 0.0899, 0.0666, 0.108,
  ]
  weights[8]: [
    0.0824, 0.166, 0.335, 0.11, -0.133, 0.0835, 0.235, -0.236,
    -0.178, 0.358, -0.124, 0.306, 0.175, -0.172, -0.122, 0.0943,
    0.0782, -0.0177, 0.22, 0.277, -0.0213, -0.127, -0.102, 0.199,
    0.128, -0.323, -0.346, 0.0227, -0.0241, -0.222, -0.0772, 0.109,
  ]
  weights[9]: [
    -0.0952, 0.05, 0.029, -0.176, 0.0552, -0.207, -0.23, -0.257,
    -0.00676, 0.286, 0.241, 0.0858, 0.0259, 0.0864, -0.351, -0.121,
    -0.358, -0.184, 0.269, 0.199, 0.0956, 0.266, 0.13, 0.109,
    0.198, 0.153, -0.0671, -0.362, 0.125, 0.135, -0.196, 0.203,
  ]
  weights[10]: [
    -0.349, 0.265, -0.0645, 0.134, 0.228, 0.0277, 0.259, -0.12,
    0.286, -0.0223, -0.342, 0.164, -0.028, 0.373, 0.198, 0.0702,
    0.347, 0.184, -0.0588, -0.312, -0.0664, -0.0419, -0.0698, -0.0887,
    -0.231, 0.224, 0.0062, 0.228, -0.115, -0.11, 0.347, 0.309,
  ]
  weights[11]: [
    -0.145, 0.0133, -0.04, -0.00555, 0.00973, 0.00784, 0.153, 0.0984,
    0.254, -0.223, -0.127, 0.0484, 0.039, 0.0371, 0.0814, 0.17,
    -0.0244, -0.0724, -0.121, -0.14, -0.00504, -0.119, 0.344, -0.118,
    -0.0437, 0.139, 0.284, 0.217, 0.0234, -0.0359, 0.268, 0.114,
  ]
  weights[12]: [
    0.141, -0.11, 0.0271, 0.198, -0.265, -0.135, -0.000236, -0.358,
    0.118, 0.322, 0.371, 0.228, 0.192, -0.158, 0.052, -0.152,
    -0.186, 0.124, 0.2, 0.237, 0.0329, 0.368, 0.0993, 0.0277,
    0.209, -0.0587, -0.141, -0.0468, -0.203, -0.127, -0.078, 0.00332,
  ]
  weights[13]: [
    0.165, 0.25, -0.0899, 0.0105, -0.0468, -0.0568, -0.131, 0.0252,
    -0.292, -0.024, 0.194, -0.0361, -0.0627, 0.115, -0.339, -0.03,
    -0.288, -0.177, 0.112, 0.0175, -0.0339, -0.0917, -0.309, 0.262,
    0.129, -0.154, -0.144, -0.183, -0.0249, 0.164, -0.0262, 0.151,
  ]
  weights[14]: [
    0.0791, 0.153, -0.38, -0.108, 0.0385, 0.0013, -0.127, 0.0553,
    0.191, -0.0385, 0.0543, 0.0309, 0.294, -0.0704, 0.398, 0.121,
    0.353, -0.0204, 0.0964, -0.0273, -0.0809, -0.253, 0.275, 0.0996,
    -0.283, -0.00428, 0.297, 0.286, 0.0961, 0.246, 0.0837, -0.112,
  ]
  weights[15]: [
    0.187, -0.107, 0.00185, 0.134, -0.0227, -0.0157, -0.0186, 0.0566,
    -0.0387, 0.0671, 0.093, 0.0639, -0.0523, -0.143, -0.172, -0.0537,
    -0.139, -0.0448, 0.355, 0.157, -0.00272, 0.222, -0.0946, 0.207,
    0.0575, -0.0112, -0.103, -0.0673, 0.0205, 0.0325, -0.0535, 0.0771,
  ]
  weights[16]: [
    -0.154, 0.15, -0.00378, -0.171, 0.0511, -0.0225, -0.0556, -0.0625,
    0.00336, -0.324, 0.0522, -0.286, 0.325, -0.0139, 0.434, -0.0114,
    0.364, 0.209, -0.0723, -0.0832, -0.0728, -0.0675, -0.0206, -0.213,
    -0.143, -0.0889, -0.107, 0.423, -0.227, 0.308, 0.259, 0.0731,
  ]
  weights[17]: [
    0.0723, 0.367, 0.222, 0.133, 0.0832, 0.0195, 0.0666, 0.0351,
    -0.284, 0.0162, 0.0418, -0.0985, -0.0397, -0.187, -0.123, -0.385,
    0.152, 0.287, 0.0426, -0.145, -0.0543, 0.229, -0.0891, -0.143,
    0.111, -0.0985, -0.0175, -0.0593, -0.0638, 0.309, -0.129, -0.14,
  ]
  weights[18]: [
    0.287, 0.165, 0.0589, 0.372, -0.114, -0.00147, 0.148, -0.0362,
    0.186, 0.187, 0.0458, -0.0874, 0.0368, 0.0117, 0.104, -0.00822,
    0.0853, -0.225, 0.282, 0.26, 0.0608, 0.353, 0.116, 0.241,
    0.335, -0.123, -0.281, -0.0742, 0.156, -0.0742, -0.262, -0.123,
  ]
  weights[19]: [
    0.25, 0.278, 0.362, 0.282, -0.203, -0.108, 0.0248, 0.1,
    -0.0807, 0.149, 0.192, -0.127, -0.196, 0.184, -0.316, -0.163,
    -0.334, -0.0784, 0.375, 0.0842, -0.07, -0.0455, 0.0644, 0.168,
    -0.056, -0.105, 0.0544, 0.117, -0.115, 0.288, -0.315, -0.0362,
  ]
  weights[20]: [
    -0.184, 0.0376, -0.115, -0.152, 0.0422, 0.0818, 0.262, 0.246,
    -0.15, 0.114, -0.196, -0.0392, 0.0814, 0.0883, -0.00327, 0.225,
    -0.0175, 0.0781, 0.169, -0.366, -0.0929, 0.0419, 0.203, 0.018,
    -0.208, 0.323, 0.339, 0.187, -0.243, 0.126, -0.113, 0.336,
  ]
  weights[21]: [
    -0.263, 0.345, -0.227, -0.0634, 0.0808, 0.0361, 0.0388, 0.259,
    0.302, -0.000648, -0.00719, -0.0572, 0.0947, -0.156, 0.132, -0.106,
    0.162, 0.302, -0.207, 0.0205, 0.012, 0.176, -0.0601, -0.223,
    0.0268, 0.11, 0.0171, 0.14, 0.014, 0.05, -0.00467, -0.0924,
  ]
  weights[22]: [
    0.28, -0.0623, 0.138, -0.0387, -0.107, -0.176, -0.0976, 0.254,
    -0.279, -0.123, -0.00963, 0.309, -0.276, 0.115, -0.0562, -0.104,
    -0.138, 0.26, -0.0865, 0.239, -0.161, 0.0792, 0.0325, -0.136,
    0.0476, -0.332, -0.286, -0.228, 0.0716, 0.362, -0.297, 0.139,
  ]
  weights[23]: [
    0.0325, 0.202, -0.14, -0.0549, -0.175, 0.0954, -0.195, -0.288,
    -0.0195, 0.203, 0.0227, 0.0654, 0.195, -0.104, -0.106, -0.15,
    -0.156, 0.161, 0.111, 0.164, -0.0826, 0.0282, -0.242, 0.0966,
    -0.0832, -0.132, -0.256, -0.123, 0.0762, -0.168, -0.0162, 0.0718,
  ]
  weights[24]: [
    -0.164, 0.0268, 0.26, 0.105, -0.000768, 0.019, -0.0418, -0.125,
    0.0441, 0.279, 0.0216, 0.228, 0.114, -0.339, 0.0169, -0.168,
    0.124, 0.18, 0.0444, 0.136, -0.0523, 0.0562, 0.0171, 0.322,
    0.167, -0.252, -0.215, 0.147, -0.153, 0.0564, -0.208, 0.0556,
  ]
  weights[25]: [
    -0.0197, -0.0187, 0.246, 0.266, -0.00827, -0.116, -0.185, -0.245,
    -0.26, 0.0765, 0.00225, 0.356, 0.163, -0.132, -0.184, -0.153,
    0.134, 0.218, 0.269, 0.215, 0.00967, 0.259, -0.352, -0.116,
    0.252, 0.177, -0.183, -0.358, 0.115, -0.124, -0.0322, 0.264,
  ]
  weights[26]: [
    -0.11, 0.0079, -0.154, -0.0507, -0.00749, 0.00664, 0.0431, 0.137,
    0.136, -0.068, -0.0661, -0.0482, -0.0459, 0.0731, 0.136, 0.0315,
    0.146, 0.0798, -0.0954, 0.106, -0.00353, 0.052, 0.102, -0.00812,
    -0.0415, 0.266, 0.184, 0.0628, 0.0607, 0.191, 0.0802, -0.0696,
  ]
  weights[27]: [
    -0.0214, 0.13, -0.0568, -0.107, 0.0258, -0.229, -0.221, -0.237,
    0.294, 0.165, 0.266, 0.249, 0.0221, -0.319, -0.292, 0.121,
    -0.262, -0.0189, 0.173, 0.318, -0.0468, 0.0554, 0.00214, 0.38,
    -0.0963, -0.224, 0.128, -0.0971, -0.133, 0.0625, -0.00541, -0.117,
  ]
  weights[28]: [
    0.163, -0.113, -0.169, 0.0505, 0.011, 0.0316, -0.000167, -0.0957,
    -0.153, -0.116, -0.00343, 0.179, -0.0292, -0.0795, 0.0664, 0.108,
    0.0424, -0.149, 0.187, 0.126, -0.0039, 0.00284, 0.151, 0.0825,
    -0.0241, -0.0229, 0.134, 0.00918, 0.106, -0.158, 0.0056, -0.127,
  ]
  weights[29]: [
    -0.0111, -0.228, 0.0155, 0.0725, -0.161, -0.2, -0.21, -0.0735,
    0.201, 0.315, 0.308, -0.0569, -0.129, 0.0493, -0.304, -0.0864,
    -0.0884, 0.235, -0.166, 0.298, -0.0671, -0.0433, -0.144, 0.321,
    0.144, 0.0558, -0.0589, -0.26, -0.00968, -0.243, 0.0122, 0.149,
  ]
  weights[30]: [
    -0.232, 0.0908, -0.155, -0.0553, 0.00763, 0.00499, -0.0343, 0.0356,
    -0.115, -0.0794, -0.0536, -0.00449, 0.121, 0.197, 0.262, 0.0824,
    0.197, -0.0215, -0.0565, -0.0645, -0.0032, 0.0948, 0.139, -0.0295,
    -0.0443, 0.223, 0.0675, 0.131, 0.0211, 0.104, 0.164, 0.137,
  ]
  weights[31]: [
    0.243, 0.166, 0.0423, -0.0692, 0.157, -0.218, -0.18, 0.29,
    -0.337, 0.22, 0.085, 0.391, -0.146, -0.194, -0.323, -0.145,
    -0.314, -0.108, 0.363, 0.207, -0.00745, 0.0235, -0.24, 0.391,
    -0.0363, -0.0678, -0.242, -0.265, -0.131, 0.333, 0.0636, -0.0618,
  ]
  biases: [
    0.126, 0.0937, 0.0912, 0.0556, 0.0431, 0.0946, 0.133, 0.148,
    0.0528, 0.049, 0.0915, 0.158, 0.0467, -0.0776, 0.103, 0.0496,
    0.107, -0.0829, 0.00778, -0.0141, 0.106, 0.0799, -0.0411, 0.0401,
    -0.0932, -0.0433, 0.0958, 0.0357, 0.0304, 0.0556, 0.121, 0.0728,
  ]
layer: Activation
  function: PReLU
  weights: [
    0.292, 0.29, 0.27, 0.314, 0.362, 0.267, 0.3, 0.318,
    0.293, 0.32, 0.264, 0.303, 0.231, 0.316, 0.263, 0.314,
    0.3, 0.21, 0.323, 0.316, 0.276, 0.254, 0.219, 0.282,
    1.92, 0.322, 0.24, 0.248, 0.221, 0.234, 0.294, 0.293,
  ]
layer: FullyConnected
  weights[0]: [
    -0.224, -0.368, -0.419, 0.376, 0.106, -0.388, -0.176, -0.211,
    0.34, 0.303, -0.378, -0.221, 0.394, 0.378, -0.416, 0.164,
    -0.454, 0.313, 0.287, 0.294, -0.387, -0.202, 0.302, 0.346,
    0.173, 0.372, -0.185, 0.43, -0.0377, 0.294, -0.164, 0.342,
  ]
  biases: [
    -0.094,
  ]
layer: Activation
  function: Sigmoid
