layer: InputScaling
  scale: [
    0.1,
  ]
layer: FullyConnected
  weights[0]: [
    -1.18,
  ]
  weights[1]: [
    -0.989,
  ]
  weights[2]: [
    -0.963,
  ]
  weights[3]: [
    -2.34,
  ]
  weights[4]: [
    -0.473,
  ]
  weights[5]: [
    0.0348,
  ]
  weights[6]: [
    2.14,
  ]
  weights[7]: [
    -1.09,
  ]
  weights[8]: [
    -1.02,
  ]
  weights[9]: [
    1.77,
  ]
  weights[10]: [
    -2.13,
  ]
  weights[11]: [
    -2.08,
  ]
  weights[12]: [
    -0.989,
  ]
  weights[13]: [
    2.75,
  ]
  weights[14]: [
    -2.08,
  ]
  weights[15]: [
    -2.14,
  ]
  weights[16]: [
    -2.23,
  ]
  weights[17]: [
    1.39,
  ]
  weights[18]: [
    2.3,
  ]
  weights[19]: [
    2.03,
  ]
  weights[20]: [
    -2.57,
  ]
  weights[21]: [
    -0.982,
  ]
  weights[22]: [
    -0.993,
  ]
  weights[23]: [
    2.09,
  ]
  weights[24]: [
    1.07,
  ]
  weights[25]: [
    1.95,
  ]
  weights[26]: [
    -1.19,
  ]
  weights[27]: [
    -1.1,
  ]
  weights[28]: [
    1.74,
  ]
  weights[29]: [
    -1.16,
  ]
  weights[30]: [
    -2.31,
  ]
  weights[31]: [
    1.25,
  ]
  biases: [
    0.399, 0.771, 0.753, 0.109, 0.339, 0.25, 0.00145, 0.858,
    0.383, 0.0194, 0.105, 0.0914, 0.316, -0.221, 0.145, 0.177,
    0.182, 0.0748, -0.0328, -0.168, 0.0949, 0.764, 0.78, -0.0444,
    0.0939, -0.102, 0.939, 0.377, -0.143, 0.914, 0.159, -0.0358,
  ]
layer: Activation
  function: ELU
layer: FullyConnected
  weights[0]: [
    -0.0192, 0.153, 0.235, -0.325, 0.014, 0.114, -0.0132, 0.17,
    -0.0297, -0.0569, -0.235, -0.232, 0.0264, -0.0239, -0.0942, -0.111,
    -0.115, -0.178, -0.0622, -0.204, -0.116, 0.16, 0.177, -0.205,
    -0.0984, -0.0167, 0.162, -0.0911, -0.0903, 0.233, -0.269, 0.0357,
  ]
  weights[1]: [
    0.246, 0.495, 0.381, 0.25, 0.205, 0.0874, -0.333, 0.418,
    0.253, -0.135, 0.125, 0.0169, 0.256, -0.357, 0.308, 0.228,
    0.164, -0.026, -0.154, -0.178, 0.09, 0.477, 0.475, -0.187,
    0.0936, -0.0601, 0.387, 0.239, -0.195, 0.351, 0.132, 0.0231,
  ]
  weights[2]: [
    -0.123, -0.21, -0.145, 0.128, 0.00569, 0.108, 0.256, -0.19,
    -0.0251, 0.285, 0.164, 0.0856, -0.0254, 0.29, 0.0257, -0.081,
    0.181, 0.21, -0.00854, 0.235, 0.134, -0.253, -0.105, 0.247,
    0.229, 0.164, -0.259, -0.0742, -0.00842, -0.201, -0.00459, -0.0151,
  ]
  weights[3]: [
    -0.13, -0.307, -0.319, 0.141, -0.0971, 0.148, 0.284, -0.335,
    -0.0389, 0.162, 0.108, 0.153, -0.106, 0.214, 0.156, 0.216,
    -0.0473, 0.14, -0.0831, 0.0289, 0.146, -0.287, -0.251, 0.191,
    0.203, -0.043, -0.2, -0.00581, 0.226, -0.201, 0.272, 0.259,
  ]
  weights[4]: [
    0.0528, 0.317, 0.341, -0.143, 0.0839, 0.143, -0.0589, 0.391,
    0.0617, 0.127, -0.114, -0.0185, 0.0563, -0.081, -0.0495, -0.0673,
    -0.0169, -0.111, -0.114, -0.0857, -0.174, 0.331, 0.324, 0.102,
    0.104, -0.133, 0.351, 0.0228, 0.0662, 0.361, -0.14, 0.00913,
  ]
  weights[5]: [
    -0.0977, 0.398, 0.435, -0.187, 0.0914, 0.106, -0.0873, 0.32,
    0.0322, 0.0499, -0.194, -0.256, 0.0333, -0.241, -0.215, -0.337,
    -0.313, -0.181, -0.107, -0.0162, -0.351, 0.374, 0.293, -0.136,
    -0.138, -0.212, 0.243, -0.142, -0.0299, 0.354, -0.0901, -0.165,
  ]
  weights[6]: [
    0.00073, 0.279, 0.285, -0.13, 0.096, 0.0528, -0.0434, 0.315,
    0.0224, -0.12, -0.25, -0.274, 0.0275, -0.142, -0.194, -0.253,
    -0.234, -0.154, -0.201, -0.0952, -0.254, 0.265, 0.274, -0.158,
    0.0357, 0.026, 0.349, -0.00266, -0.0728, 0.303, -0.235, -0.0659,
  ]
  weights[7]: [
    0.0273, 0.207, 0.196, -0.0879, 0.0628, 0.0868, 0.0712, 0.214,
    0.0501, -0.0284, -0.132, -0.168, 0.0319, 0.0495, -0.165, -0.159,
    -0.0629, 0.0764, 0.11, -0.0113, -0.222, 0.205, 0.194, 0.0433,
    -0.00644, -0.152, 0.241, 0.0449, -0.0162, 0.26, -0.178, 0.0391,
  ]
  weights[8]: [
    -0.245, -0.163, -0.119, 0.032, -0.0235, -0.0133, 0.00623, -0.201,
    -0.185, 0.145, -0.107, -0.256, -0.127, 0.0453, -0.269, -0.18,
    -0.242, -0.0094, -0.0272, 0.0988, -0.296, -0.114, -0.169, -0.175,
    0.0445, -0.143, -0.231, -0.155, -0.00439, -0.167, -0.0784, -0.0983,
  ]
  weights[9]: [
    -0.0388, 0.137, 0.152, -0.151, 0.0277, -0.0236, 0.0174, 0.149,
    -0.00402, -0.0262, -0.0537, -0.0966, -0.0739, -0.0626, -0.247, -0.23,
    -0.134, -0.144, -0.183, 0.0802, -0.159, 0.154, 0.151, 0.0608,
    -0.145, -0.165, 0.19, -0.0822, -0.129, 0.177, -0.176, -0.144,
  ]
  weights[10]: [
    0.00958, -0.0763, -0.0746, 0.0271, -0.0417, -0.00621, 0.166, -0.085,
    -0.0576, 0.158, 0.133, 0.144, 0.018, 0.203, 0.0794, 0.0128,
    0.0878, -0.0659, 0.229, 0.116, -0.0211, -0.0788, -0.0766, 0.21,
    0.0247, 0.233, -0.0952, 0.0121, -0.04, -0.0887, 0.0106, -0.0139,
  ]
  weights[11]: [
    -0.0356, 0.00615, -0.0234, -0.202, 0.0183, 0.0139, -0.104, -0.0329,
    -0.0629, 0.0916, -0.116, -0.12, -0.0206, 0.00937, -0.025, -0.104,
    -0.193, -0.152, -0.157, -0.0701, -0.154, -0.00781, -0.0231, 0.0488,
    -0.158, -0.0436, -0.0606, -0.0748, 0.0646, -0.0611, -0.099, -0.0438,
  ]
  weights[12]: [
    0.0142, -0.0931, -0.0574, 0.0497, -0.00156, 0.0546, 0.204, -0.213,
    -0.0515, 0.148, 0.0449, 0.0992, -0.00959, 0.108, 0.0701, 0.199,
    0.0743, 0.105, 0.244, -0.0571, 0.0627, -0.052, -0.168, 0.137,
    0.166, -0.0452, -0.132, -0.0958, 0.234, -0.168, 0.0641, -0.0249,
  ]
  weights[13]: [
    0.0644, 0.384, 0.4, -0.242, 0.119, 0.0255, 0.0959, 0.477,
    0.0481, -0.00634, -0.035, -0.236, -0.00756, -0.114, -0.0902, -0.191,
    -0.221, -0.178, 0.0448, 0.0409, -0.142, 0.359, 0.371, -0.174,
    -0.0635, -0.216, 0.496, 0.0921, -0.232, 0.341, -0.174, 0.0383,
  ]
  weights[14]: [
    -0.16, -0.355, -0.38, 0.233, -0.164, -0.15, 0.112, -0.438,
    -0.195, 0.138, 0.0574, 0.0773, -0.058, 0.0859, 0.13, 0.0573,
    0.0745, 0.169, 0.101, 0.231, 0.191, -0.385, -0.354, 0.0824,
    0.0465, 0.0302, -0.494, -0.108, 0.0206, -0.453, 0.145, 0.13,
  ]
  weights[15]: [
    0.151, 0.243, 0.25, -0.0121, 0.133, -0.00832, -0.256, 0.261,
    0.119, -0.164, 0.0343, 0.106, 0.0946, -0.27, 0.0299, 0.139,
    0.0907, 0.041, -0.1, -0.0875, 0.158, 0.196, 0.265, -0.0101,
    -0.0373, -0.205, 0.302, 0.138, -0.0515, 0.325, 0.167, -0.108,
  ]
  weights[16]: [
    -0.0189, 0.106, 0.0997, -0.16, 0.0423, 0.0303, -0.114, 0.121,
    0.00687, 0.0558, -0.116, -0.0673, -0.0309, -0.0388, -0.0669, -0.159,
    -0.152, -0.0641, 0.0618, -0.0535, -0.218, 0.106, 0.103, 0.0557,
    0.0479, 0.0444, 0.119, -0.00882, 0.0561, 0.127, -0.141, 0.0034,
  ]
  weights[17]: [
    -0.0629, -0.0981, -0.0177, 0.125, 0.0221, 0.0906, 0.164, -0.0485,
    -0.0512, 0.138, 0.0253, 0.144, -0.0665, 0.0157, -0.0406, -0.0775,
    -0.0282, 0.206, 0.227, 0.07, 0.021, -0.0473, -0.0373, -0.00154,
    0.0651, 0.101, -0.104, -0.0603, 0.087, 0.016, 0.0292, 0.0518,
  ]
  weights[18]: [
    -0.0472, -0.267, -0.258, 0.174, -0.0179, 0.0169, 0.308, -0.196,
    -0.136, 0.34, 0.19, 0.188, 0.05, -0.000711, -0.0367, 0.11,
    -0.119, 0.307, 0.225, 0.178, 0.189, -0.223, -0.129, 0.266,
    0.243, 0.168, -0.174, -0.0888, 0.0365, -0.236, 0.155, 0.282,
  ]
  weights[19]: [
    0.253, 0.145, 0.355, 0.111, 0.111, 0.132, 0.0683, 0.262,
    0.243, 0.0318, 0.233, 0.186, 0.162, -0.147, 0.0816, 0.268,
    0.269, 0.0233, -0.067, -0.154, 0.128, 0.333, 0.224, -0.257,
    0.0752, -0.168, 0.31, 0.212, -0.225, 0.355, 0.0802, -0.122,
  ]
  weights[20]: [
    -0.0483, -0.564, -0.575, 0.28, -0.247, 0.022, -0.0582, -0.607,
    -0.105, 0.219, 0.148, 0.266, -0.000732, 0.189, 0.208, 0.0984,
    0.253, -0.0165, 0.044, 0.248, 0.243, -0.498, -0.555, -0.0345,
    0.0514, 0.212, -0.673, -0.181, 0.278, -0.621, 0.118, 0.00898,
  ]
  weights[21]: [
    -0.061, -0.178, -0.174, 0.101, -0.0762, 0.0246, 0.134, -0.238,
    -0.114, 0.186, -0.1, 0.0918, -0.0308, 0.334, -0.108, -0.0678,
    0.0828, -0.00349, 0.286, 0.282, -0.0557, -0.157, -0.194, 0.0255,
    0.174, 0.282, -0.262, -0.115, 0.108, -0.156, 0.0288, 0.197,
  ]
  weights[22]: [
    -0.0352, 0.152, 0.188, -0.102, 0.0789, 0.161, 0.255, 0.182,
    0.0602, 0.11, -0.195, -0.083, -0.0041, -0.0036, -0.129, 0.013,
    -0.0876, 0.277, 0.112, 0.0628, -0.132, 0.309, 0.254, 0.159,
    0.263, -0.000663, 0.227, 0.0546, 0.171, 0.285, -0.0825, 0.0418,
  ]
  weights[23]: [
    0.258, 0.446, 0.427, 0.139, 0.121, 0.127, -0.153, 0.517,
    0.214, -0.0504, 0.187, 0.223, 0.209, -0.337, 0.119, 0.101,
    0.15, -0.19, -0.162, -0.179, 0.0542, 0.43, 0.359, -0.232,
    -0.0926, -0.167, 0.578, 0.222, -0.317, 0.408, 0.216, -0.206,
  ]
  weights[24]: [
    -0.037, -0.71, -0.717, 0.194, -0.231, -0.232, 0.0603, -0.772,
    -0.128, 0.215, 0.235, 0.0406, -0.181, 0.22, 0.207, 0.239,
    0.0998, 0.00964, 0.0158, 0.118, 0.318, -0.671, -0.656, -0.0423,
    0.155, 0.155, -0.84, -0.065, 0.26, -0.702, 0.177, 0.0899,
  ]
  weights[25]: [
    0.246, 0.409, 0.447, 0.0962, 0.183, 0.0257, -0.293, 0.412,
    0.203, -0.00304, 0.0305, 0.0625, 0.186, -0.0505, 0.268, 0.214,
    0.248, -0.0031, -0.317, -0.143, 0.0374, 0.452, 0.35, -0.22,
    -0.172, -0.18, 0.377, 0.232, -0.182, 0.501, 0.198, -0.194,
  ]
  weights[26]: [
    -0.0325, -0.145, -0.175, -0.0456, -0.0353, -0.0278, 0.178, -0.189,
    -0.0827, 0.224, -0.000481, 0.127, -0.0206, 0.219, -0.0997, -0.0355,
    -0.0468, 0.183, 0.203, 0.253, -0.0394, -0.162, -0.153, 0.11,
    0.00825, 0.0322, -0.232, -0.0572, 0.211, -0.177, 0.0746, 0.0711,
  ]
  weights[27]: [
    0.0829, 0.274, 0.271, -0.0656, 0.127, 0.122, -0.0846, 0.307,
    0.0697, -0.0447, -0.164, -0.104, 0.0532, -0.119, -0.139, -0.171,
    -0.213, -0.0639, 0.0633, -0.055, -0.239, 0.28, 0.281, -0.169,
    0.0401, -0.141, 0.344, 0.0263, -0.0512, 0.323, -0.199, -0.0361,
  ]
  weights[28]: [
    0.0023, 0.0159, 0.0153, -0.026, 0.00676, 0.0105, 0.0605, 0.0172,
    0.00263, 0.04, -0.019, -0.0249, 0.000193, 0.0453, -0.0199, -0.0201,
    -0.0211, 0.023, 0.0651, -0.0173, -0.0154, 0.0152, 0.016, 0.0642,
    0.0248, 0.0663, 0.0186, 0.00141, 0.0191, 0.0173, -0.0208, 0.0163,
  ]
  weights[29]: [
    0.259, 0.484, 0.576, 0.0406, 0.245, 0.15, -0.109, 0.603,
    0.278, -0.017, -0.0286, 0.00199, 0.177, -0.233, 0.0369, 0.0934,
    -0.0276, -0.0504, -0.301, -0.136, 0.00443, 0.516, 0.596, -0.218,
    0.0231, -0.214, 0.571, 0.251, -0.116, 0.491, 0.043, -0.173,
  ]
  weights[30]: [
    0.0876, -0.12, 0.0576, 0.256, 0.106, 0.117, 0.0975, 0.0418,
    0.0595, 0.198, 0.157, 0.126, 0.0944, 0.0844, -0.02, 0.184,
    -0.0546, 0.168, 0.0858, 0.0655, 0.0605, -0.000745, -0.131, 0.121,
    0.174, -0.0621, -0.128, 0.0622, 0.219, 0.0126, 0.156, 0.229,
  ]
  weights[31]: [
    -0.34, -0.344, -0.179, -0.101, -0.0854, -0.131, -0.11, -0.224,
    -0.321, 0.0631, -0.12, -0.0753, -0.337, 0.193, -0.191, -0.384,
    -0.335, 0.12, -0.0857, 0.0772, -0.238, -0.288, -0.174, -0.0787,
    0.0424, -0.157, -0.343, -0.238, 0.132, -0.18, -0.261, 0.0996,
  ]
  biases: [
    0.138, 0.306, 0.0613, 0.0636, 0.315, 0.174, 0.233, 0.25,
    0.032, 0.119, -0.0314, 0.00629, 0.102, 0.275, -0.119, 0.256,
    0.219, 0.118, 0.0851, 0.222, -0.062, 0.0113, 0.31, 0.389,
    -0.143, 0.286, 0.00574, 0.346, 0.161, 0.381, 0.121, 0.0358,
  ]
layer: Activation
  function: ELU
layer: FullyConnected
  weights[0]: [
    -0.0147, -0.0398, 0.101, 0.116, -0.172, -0.0195, -0.0126, -0.0385,
    -0.0853, -0.0087, 0.0447, -0.0291, 0.0273, -0.0697, 0.142, 0.0421,
    -0.081, 0.0747, 0.129, 0.111, 0.178, 0.11, -0.253, -0.0542,
    0.228, 0.0259, 0.0819, -0.0687, -0.112, 0.0107, 0.0542, -0.126,
  ]
  weights[1]: [
    0.181, -0.048, -0.266, -0.244, -0.104, 0.107, 0.0622, -0.0343,
    -0.0634, 0.126, -0.0304, -0.0294, -0.181, 0.234, -0.148, -0.0696,
    -0.0603, -0.141, -0.184, -0.0598, -0.228, -0.243, 0.0287, -0.147,
    -0.217, -0.0998, -0.122, 0.0974, 0.0145, 0.199, -0.129, -0.114,
  ]
  weights[2]: [
    -0.00833, 0.136, 0.127, -0.0421, -0.16, -0.114, -0.0306, -0.0113,
    0.023, -0.00997, 0.163, 0.00142, -0.0801, -0.0447, 0.185, 0.0682,
    -0.0676, -0.12, 0.0307, -0.0111, 0.233, 0.11, -0.0944, 0.00784,
    0.286, -0.002, 0.0386, -0.114, -0.104, 0.00969, -0.0371, 0.0296,
  ]
  weights[3]: [
    0.239, 0.0863, -0.267, -0.402, 0.301, 0.408, 0.202, 0.176,
    -0.291, 0.0171, -0.146, -0.0411, -0.268, 0.627, -0.465, 0.13,
    0.147, -0.199, -0.397, 0.154, -0.426, -0.375, -0.00906, 0.12,
    -0.573, 0.165, -0.392, 0.463, 0.075, 0.666, -0.156, -0.554,
  ]
  weights[4]: [
    0.0109, -0.0516, 0.0234, 0.0595, -0.0702, 0.0259, 0.104, -0.00228,
    0.0369, 0.00408, -0.0101, -0.0062, 0.0395, 0.0128, -0.0115, -0.0112,
    0.0383, 0.0939, 0.107, 0.00335, 0.00764, -0.0128, 0.0128, -0.09,
    0.00246, -0.013, 0.0653, 0.028, 0.0825, -0.105, 0.0214, -0.0263,
  ]
  weights[5]: [
    0.377, -0.334, -0.22, -0.13, 0.338, 0.416, 0.341, 0.202,
    -0.0349, 0.353, -0.0814, 0.0831, -0.081, 0.326, -0.312, -0.157,
    0.118, -0.0476, -0.0896, -0.383, -0.738, -0.2, 0.0135, -0.388,
    -0.698, -0.243, -0.22, 0.29, 0.115, -0.216, -0.266, 0.144,
  ]
  weights[6]: [
    0.563, 0.0817, -0.306, -0.484, 0.714, 0.873, 0.708, 0.447,
    -0.234, 0.475, -0.393, -0.0383, -0.271, 0.944, -0.962, -0.0519,
    0.263, -0.225, -0.544, -0.0322, -1.01, -0.302, 0.456, -0.124,
    -1.01, -0.0301, -0.306, 0.936, -0.0382, -0.476, -0.169, -0.503,
  ]
  weights[7]: [
    0.000893, -0.00966, 0.0604, -0.00466, -0.00932, -0.00787, 0.0136, -0.0672,
    0.0172, -0.000844, 0.0296, -0.00548, 0.0191, -0.0123, 0.00468, -0.026,
    -0.000138, -0.0453, 0.102, 0.0229, 0.0222, 0.0273, -0.00726, -0.0309,
    0.0228, -0.0318, 0.0142, -0.0556, 0.00459, -0.0419, -0.00723, 0.0238,
  ]
  weights[8]: [
    -0.00167, 0.0614, 0.103, 0.102, -0.0547, -0.0156, 0.0637, -0.0518,
    -0.0328, 0.00462, -0.0664, 0.00999, -0.0099, -0.0447, 0.0578, -0.0373,
    -0.0981, -0.106, 0.0487, 0.0533, 0.0695, 0.0121, -0.143, -0.0843,
    0.087, -0.00636, 0.0454, -0.0361, 0.0959, -0.0306, -0.0261, 0.0641,
  ]
  weights[9]: [
    -0.0539, -0.0289, 0.00742, 0.167, -0.0718, -0.0285, -0.0656, 0.00879,
    0.0453, -0.0402, 0.147, 0.00178, 0.104, 0.0156, 0.0449, -0.038,
    -0.0065, 0.111, 0.201, -0.0228, 0.0556, 0.148, 0.00844, -0.0449,
    0.0552, 0.000859, 0.0249, -0.0248, 0.0224, 0.0746, 0.119, 0.114,
  ]
  weights[10]: [
    0.0988, -0.0601, -0.0399, -0.0297, 0.202, 0.114, 0.167, 0.141,
    -0.118, 0.0508, -0.176, -0.00818, -0.0305, 0.208, -0.148, 0.072,
    0.194, -0.0559, -0.0311, 0.113, -0.163, -0.209, 0.138, 0.0277,
    -0.195, 0.096, -0.186, 0.281, -0.034, -0.00914, 0.0381, -0.0973,
  ]
  weights[11]: [
    -0.00617, -0.0278, 0.118, 0.0839, -0.135, -0.0166, -0.00172, 0.06,
    0.0301, -0.0103, 0.117, -0.00338, -0.00311, -0.0532, 0.0676, 0.0195,
    -0.127, -0.0272, 0.0183, 0.0493, 0.123, 0.0939, -0.198, -0.0313,
    0.194, 0.0558, -0.0454, -0.0857, -0.0025, 0.0502, -0.0513, 0.0595,
  ]
  weights[12]: [
    0.141, -0.315, 0.219, -0.0709, -0.13, 0.18, -0.145, 0.067,
    0.266, 0.0831, -0.00962, 0.0305, 0.0103, -0.118, 0.149, -0.295,
    0.316, 0.0273, 0.238, -0.337, 0.129, 0.271, 0.108, -0.423,
    0.134, -0.408, 0.214, -0.0635, 0.0548, -0.0609, -0.0815, 0.514,
  ]
  weights[13]: [
    0.216, -0.693, -0.156, -0.161, 0.0718, 0.28, 0.209, -0.111,
    0.325, 0.124, -0.201, 0.106, -0.2, 0.146, -0.0131, -0.281,
    0.144, -0.193, -0.235, -0.415, -0.485, -0.166, -0.293, -0.645,
    -0.64, -0.644, -0.101, 0.181, -0.255, -0.485, -0.314, 0.313,
  ]
  weights[14]: [
    0.0931, -0.0886, -0.195, -0.151, 0.0961, 0.112, 0.145, 0.148,
    -0.101, 0.093, -0.114, -0.0145, -0.0983, 0.149, -0.126, -0.0868,
    -0.0741, -0.0342, -0.193, -0.0677, -0.172, -0.172, -0.208, -0.0731,
    -0.141, -0.0494, -0.0567, 0.162, -0.12, 0.117, -0.0977, -0.145,
  ]
  weights[15]: [
    0.000421, 0.0045, 0.0141, 0.0025, -0.00338, 0.00181, 0.00428, -0.0231,
    0.000996, 0.000195, 0.0249, -0.00112, -0.000199, 0.00215, -0.000183, 0.000424,
    0.00323, 0.00348, -0.00835, 0.00217, 0.00356, 0.0369, -0.0203, 0.00694,
    0.00468, 0.00261, 0.0157, -0.00838, -0.0263, -0.0026, -0.0049, -0.00152,
  ]
  weights[16]: [
    0.215, -0.000872, -0.0447, -0.123, 0.309, 0.0896, 0.15, -0.00127,
    -0.0584, 0.2, -0.0888, 0.044, 0.0672, 0.16, -0.373, -0.0271,
    0.0944, 0.0939, 0.0401, -0.0153, -0.429, -0.0332, 0.13, -0.154,
    -0.428, -0.11, -0.000457, 0.257, 0.102, -0.296, 0.0862, 0.0017,
  ]
  weights[17]: [
    0.086, -0.178, -0.272, -0.308, 0.182, 0.111, 0.268, -0.0976,
    -0.0698, 0.0813, -0.0641, -0.00848, -0.162, 0.212, -0.21, -0.0392,
    -0.0921, -0.19, -0.336, -0.186, -0.348, -0.0753, -0.234, -0.0409,
    -0.236, -0.158, -0.22, 0.357, -0.0082, 0.274, -0.118, -0.149,
  ]
  weights[18]: [
    -0.0332, 0.0117, -0.0588, 0.106, -0.135, -0.106, -0.016, -0.116,
    0.0386, -0.044, 0.187, 0.0275, -0.0156, -0.106, 0.145, 0.0569,
    -0.0959, -0.13, 0.195, 0.0319, 0.255, 0.0775, -0.228, 0.0891,
    0.325, -0.0511, 0.144, -0.0951, -0.0378, 0.0791, -0.0572, 0.104,
  ]
  weights[19]: [
    -0.0248, -0.0161, 0.108, 0.0407, -0.0559, -0.069, -0.0645, 0.0129,
    0.0295, -0.0193, 0.0619, 0.00108, 0.0515, -0.0473, 0.0288, 0.00638,
    0.0282, 0.0548, 0.113, -0.0142, 0.0344, 0.0266, 0.0681, -0.0358,
    0.0403, -0.016, 0.064, -0.0234, 0.0771, 0.0674, 0.0132, 0.00197,
  ]
  weights[20]: [
    0.0717, -0.0337, 0.0526, 0.0522, 0.0282, -0.0611, 0.0869, 0.224,
    -0.0241, 0.0318, -0.0617, 0.0123, 0.0772, 0.00195, -0.0427, -0.113,
    0.143, 0.0506, -0.0346, -0.0647, -0.00319, 0.203, -0.0558, -0.0605,
    -0.0587, -0.149, 0.026, -0.0283, 0.0358, -0.2, -0.00206, 0.0253,
  ]
  weights[21]: [
    0.192, 0.115, -0.162, -0.0301, 0.113, 0.187, 0.137, 0.0803,
    -0.069, 0.131, -0.0977, 0.0171, 0.000825, 0.0917, -0.245, 0.0568,
    0.192, 0.00627, -0.129, 0.0817, -0.117, 0.0128, -0.0337, 0.031,
    -0.234, 0.0878, -0.128, 0.378, -0.104, -0.132, 0.0328, -6.51e-05,
  ]
  weights[22]: [
    -0.0131, 0.0815, 0.147, 0.103, -0.0575, -0.0445, 0.0349, -0.153,
    -0.0019, -0.0203, 0.0468, 0.0237, -0.0766, -0.0101, 0.119, 0.0976,
    -0.135, -0.111, 0.161, 0.0156, 0.116, 0.0601, -0.144, -0.00931,
    0.169, -0.0651, 0.119, -0.0976, 0.00809, -0.053, -0.0764, -0.102,
  ]
  weights[23]: [
    0.411, -0.309, -0.246, -0.469, 0.117, 0.628, 0.33, 0.32,
    0.201, 0.351, -0.0955, 0.186, -0.315, 0.529, -0.438, -0.337,
    0.263, -0.168, -0.293, -0.498, -0.903, -0.14, 0.00946, -0.309,
    -1.07, -0.437, -0.0742, 0.456, -0.0606, -0.265, -0.286, 0.428,
  ]
  weights[24]: [
    0.121, -0.66, -0.184, -0.224, -0.126, 0.196, 0.219, -0.0587,
    0.221, 0.13, -0.147, 0.162, -0.216, 0.107, -0.0798, -0.407,
    -0.0864, -0.116, -0.442, -0.469, -0.583, -0.17, -0.057, -0.692,
    -0.664, -0.581, -0.254, 0.115, 0.0497, -0.451, -0.257, 0.479,
  ]
  weights[25]: [
    0.0527, -0.114, 0.105, 0.0898, -0.0286, 0.0764, 0.184, -0.0597,
    0.0768, 0.0334, 0.156, 0.0356, -0.0216, 0.0348, -0.0674, -0.0657,
    0.13, 0.131, 0.107, -0.0859, -0.0539, 0.218, -0.0975, -0.0889,
    -0.0449, -0.0691, -0.0117, -0.0266, 0.101, -0.117, 0.00388, -0.0262,
  ]
  weights[26]: [
    0.263, -0.465, -0.0918, -0.0447, 0.0395, 0.237, 0.408, 0.108,
    0.0786, 0.209, 0.122, 0.148, -0.00695, 0.0707, -0.15, -0.22,
    0.091, -0.0853, 0.0655, -0.161, -0.2, -0.0994, 0.218, -0.568,
    -0.194, -0.331, 0.017, 0.0951, -0.0305, -0.558, -0.125, 0.0463,
  ]
  weights[27]: [
    0.26, 0.0115, -0.00617, -0.0795, 0.182, 0.134, 0.177, 0.135,
    0.0364, 0.181, -0.0173, 0.081, -0.104, 0.324, -0.399, -0.0138,
    0.213, 0.084, -0.00796, -0.00867, -0.387, -0.0349, 0.263, -0.0537,
    -0.476, -0.205, -0.115, 0.272, -0.042, -0.359, 0.0436, -0.0305,
  ]
  weights[28]: [
    -0.0128, -0.0256, 0.118, 0.0553, -0.0281, -0.00371, 0.0163, -0.117,
    -0.0367, 0.0063, -0.0439, -0.0105, 0.011, 0.0114, 0.028, -0.0228,
    -0.00852, 0.0742, -0.0503, -0.0148, 0.0826, -0.0168, -0.181, 0.0187,
    0.105, -0.0505, 0.143, -0.0689, -0.0678, 0.00178, 0.00276, 0.0515,
  ]
  weights[29]: [
    0.201, -0.577, -0.312, -0.296, -0.0736, 0.346, 0.0627, -0.148,
    0.227, 0.238, -0.101, 0.0274, -0.0911, 0.17, -0.0469, -0.312,
    0.146, -0.0377, -0.346, -0.455, -0.33, -0.104, -0.0595, -0.642,
    -0.612, -0.644, -0.105, -0.0955, -0.0882, -0.43, -0.337, 0.187,
  ]
  weights[30]: [
    0.00926, 0.0127, 0.0107, -0.00565, 0.0547, 0.00364, 0.0161, 0.0214,
    -0.0084, 0.00686, -0.0103, 0.000964, -0.0156, 0.0418, -0.0237, 0.00242,
    -0.0033, 0.00895, 0.0023, 0.0126, -0.0168, -0.0808, 0.0212, 0.0025,
    -0.0175, 0.0155, -0.0641, 0.0547, -0.0273, -0.00247, -0.00567, -0.0182,
  ]
  weights[31]: [
    0.00269, -0.26, -0.105, -0.0149, -0.134, 0.105, 0.246, 0.215,
    0.16, 0.0973, 0.116, -0.0237, -0.00949, -0.0287, -0.118, -0.00313,
    0.131, 0.151, 0.134, -0.047, -0.125, 0.126, 0.198, -0.225,
    -0.0358, -0.198, 0.15, -0.0102, 0.0128, -0.399, 0.0725, -0.0712,
  ]
  biases: [
    0.0256, 0.0687, 0.0228, 0.158, 0.0783, 0.12, 0.265, 0.0373,
    0.0591, 0.132, 0.136, 0.0217, 0.113, 0.019, 0.0735, 0.0444,
    0.179, 0.0641, 0.0103, 0.105, 0.0876, 0.156, 0.0317, 0.114,
    0.0308, 0.0937, 0.14, 0.192, 0.0422, 0.0271, 0.14, 0.0871,
  ]
layer: Activation
  function: ELU
layer: FullyConnected
  weights[0]: [
    -0.235, 0.373, -0.279, 0.633, -0.0892, 0.517, -0.743, -0.0564,
    -0.143, 0.152, -0.288, -0.185, 0.516, 0.564, 0.265, -0.0106,
    -0.381, 0.454, -0.3, 0.0999, -0.169, -0.289, -0.223, 0.662,
    0.619, -0.161, -0.386, -0.372, -0.131, 0.538, -0.0453, -0.321,
  ]
  biases: [
    0.119,
  ]
layer: Activation
  function: Sigmoid
