layer: InputScaling
  scale: [
    0.0526,
  ]
layer: FullyConnected
  weights[0]: [
    -0.467,
  ]
  weights[1]: [
    -0.498,
  ]
  weights[2]: [
    0.132,
  ]
  weights[3]: [
    -1.13,
  ]
  weights[4]: [
    -0.0563,
  ]
  weights[5]: [
    -0.081,
  ]
  weights[6]: [
    0.973,
  ]
  weights[7]: [
    0.368,
  ]
  weights[8]: [
    -0.366,
  ]
  weights[9]: [
    0.614,
  ]
  weights[10]: [
    -0.763,
  ]
  weights[11]: [
    -0.817,
  ]
  weights[12]: [
    -0.539,
  ]
  weights[13]: [
    1.04,
  ]
  weights[14]: [
    -0.8,
  ]
  weights[15]: [
    -0.67,
  ]
  weights[16]: [
    -0.687,
  ]
  weights[17]: [
    0.613,
  ]
  weights[18]: [
    1.28,
  ]
  weights[19]: [
    0.825,
  ]
  weights[20]: [
    -1.01,
  ]
  weights[21]: [
    -0.245,
  ]
  weights[22]: [
    -0.698,
  ]
  weights[23]: [
    0.706,
  ]
  weights[24]: [
    0.148,
  ]
  weights[25]: [
    1.26,
  ]
  weights[26]: [
    -0.0207,
  ]
  weights[27]: [
    -0.491,
  ]
  weights[28]: [
    -0.0899,
  ]
  weights[29]: [
    -0.66,
  ]
  weights[30]: [
    -1.06,
  ]
  weights[31]: [
    0.0768,
  ]
  biases: [
    0.0788, 0.278, 0.288, -0.0828, 0.14, -0.101, -0.124, 0.31,
    0.24, -0.107, -0.0352, -0.129, -0.0981, 0.00645, 0.403, 0.562,
    0.646, 0.172, -0.12, 0.00252, 0.401, 0.316, 0.188, 0.0653,
    -0.134, 0.0281, 0.352, 0.361, 0.187, 0.519, 0.411, 0.172,
  ]
layer: Activation
  function: ELU
layer: FullyConnected
  weights[0]: [
    0.731, -0.972, 0.98, -1.14, -1.08, 1.28, 0.178, -0.752,
    -0.208, -0.206, -0.388, -0.419, 1.39, 0.194, 0.886, 0.774,
    0.775, -1.37, -0.205, -1.32, 0.902, -0.292, 0.447, -1.33,
    -0.741, 0.175, -0.809, -0.599, -0.321, 1.53, -0.633, 0.833,
  ]
  weights[1]: [
    -0.65, 0.822, -0.36, 1.21, 1.04, 0.0825, -1.29, -0.413,
    0.541, 0.104, -0.244, -1.34, 1.11, -1.04, 1.28, 0.446,
    -0.126, 0.682, 0.29, 0.117, -0.169, 0.846, 0.995, 0.00663,
    1.38, 1.13, -1.15, -0.24, -0.44, -1.13, 0.1, 0.696,
  ]
  weights[2]: [
    -1.34, -1.22, 0.138, 0.61, 0.665, 0.792, 1.06, 0.23,
    0.918, 1.38, 1.05, 0.444, 0.307, 1.16, -0.137, -1.3,
    0.999, 0.891, -0.979, 0.862, 0.462, -1.38, 0.472, 0.923,
    1.23, 0.368, -0.527, -0.6, -1.37, -0.755, -0.673, -1.27,
  ]
  weights[3]: [
    -1.23, -1.2, -1.03, 0.341, -0.51, 1.34, 1.37, -0.867,
    0.528, 0.538, 0.16, 0.589, -0.84, 0.729, 0.638, 1.02,
    -1.16, 0.454, -1.29, -0.566, 0.267, -0.445, -0.652, 0.624,
    1.09, -1.02, 0.879, 0.201, 0.823, 0.107, 1.33, 1.28,
  ]
  weights[4]: [
    0.129, 0.906, 0.476, -0.147, -1.08, 1.07, -0.547, 0.722,
    -0.693, 1.11, 0.000392, 1.11, 0.846, -0.481, 0.509, 0.332,
    0.977, -1.49, -0.987, -0.685, -0.335, 0.519, 1.48, 1,
    0.761, -1.16, -0.776, -0.946, 0.979, 0.907, -0.161, -0.017,
  ]
  weights[5]: [
    -0.563, 1.16, 0.865, 0.0539, 0.294, 0.994, -0.0534, -0.512,
    0.257, 0.924, -0.09, -0.649, 0.871, -1.04, -0.373, -1.36,
    -1.07, -0.945, -0.176, 0.538, -1.16, 1.35, 0.336, -0.354,
    -0.7, -0.954, -1.4, -1.13, 0.521, 1.25, 0.802, -0.736,
  ]
  weights[6]: [
    -0.415, -0.408, 1.23, 1.35, -0.851, -0.00893, 0.571, 0.583,
    -1.16, -0.386, -0.635, -1.18, 1.19, -0.0589, 0.0145, -1,
    -0.323, -1.1, -0.917, 0.256, -0.121, 0.427, 0.0888, -0.49,
    1.15, 1.39, 0.786, -0.78, 0.821, -1.29, -0.373, 0.499,
  ]
  weights[7]: [
    -0.408, -0.312, -1.2, 0.67, -0.573, 0.84, 0.651, -1.49,
    0.848, -0.418, -0.0809, -0.68, 0.728, 0.632, -0.849, -0.766,
    0.843, 0.631, 1.02, 0.0308, -0.902, 0.686, -0.386, 0.489,
    -0.463, -1.53, -1.1, 0.829, 0.183, 1.03, -0.695, 0.835,
  ]
  weights[8]: [
    -1.09, -0.886, -0.508, 1.44, 0.0399, 0.111, -0.0839, -1.26,
    -0.46, 1.01, 0.343, -0.962, -0.0951, 0.169, -1.04, -0.222,
    -0.722, -0.124, -0.351, 0.624, -1.21, -0.0786, -1.09, -1.41,
    0.398, -1.23, -1.12, -0.249, -0.0682, -0.695, 0.531, -0.726,
  ]
  weights[9]: [
    0.26, -0.0574, 0.227, 0.157, -0.654, -0.664, 0.435, -0.0122,
    1.36, 0.0263, 1.28, 0.642, -0.719, -0.0646, -0.692, -0.121,
    1.2, -0.983, -1.2, 1.19, 0.51, 2.24, 1.01, 1,
    -1.46, -1.06, 2.09, -0.493, -0.169, 1.86, 0.107, -0.532,
  ]
  weights[10]: [
    0.944, 0.147, 0.0701, -0.455, -0.491, 0.0434, 0.553, 0.401,
    -0.496, 0.622, 1.23, 1.48, 1.18, 0.699, 0.628, -0.316,
    0.511, -1.48, 1.06, 0.0829, -1.21, -0.531, 0.178, 0.933,
    -0.367, 1.2, 0.105, 1.03, -1.46, 0.76, -0.841, -0.764,
  ]
  weights[11]: [
    0.947, 1.41, -0.48, -0.646, 1.16, 0.963, -0.828, 0.0711,
    -0.678, 0.978, 0.264, 0.159, 1.03, 0.0998, 1.2, 0.331,
    -0.677, -1.35, -1.28, -0.571, -0.116, 0.835, 0.434, 0.498,
    -1.25, -0.383, -0.37, -0.466, 1.01, -0.233, 0.383, 0.341,
  ]
  weights[12]: [
    0.608, 0.234, 0.912, 0.0349, 0.2, 0.262, 0.727, -1.49,
    -0.444, 0.352, 0.036, 0.595, 0.295, -0.114, 0.356, 1.42,
    0.214, 0.0612, 1.01, -1.38, 0.0652, 0.783, -1.02, 0.149,
    0.746, -1.22, -0.209, -1.23, 0.888, -0.774, 0.136, -1.37,
  ]
  weights[13]: [
    0.202, -0.177, 0.244, -0.799, -0.12, -0.878, 1.43, 1.23,
    -1.49, 0.51, 0.983, -1.06, -0.778, -0.031, 0.229, -0.792,
    -0.96, -1.21, 1.02, 1.15, 0.298, -0.702, 0.274, -0.701,
    -0.473, -1.05, 0.53, 0.721, -1.35, -1.1, -0.175, 0.852,
  ]
  weights[14]: [
    -1.39, 0.486, -0.688, 0.715, -0.799, -1.14, 0.272, -9.98e-05,
    -1.93, 0.672, -1.16, -0.799, 0.457, -0.33, -0.104, -1.16,
    -1.17, 1.2, 0.103, 1.11, -0.181, -0.757, 0.512, -0.176,
    0.357, -0.587, -1.13, -0.364, -1.36, -1.44, -0.288, 0.391,
  ]
  weights[15]: [
    0.596, 0.418, 0.163, -0.547, 1.23, -0.672, -1.56, -0.267,
    -0.735, -0.995, -0.256, 0.557, -0.577, -1.33, -0.6, 0.635,
    0.132, 0.718, -0.101, 0.0134, 1.42, -0.902, 1.03, 0.711,
    -0.445, -1.1, 0.0493, 0.476, -0.0126, 1.18, 1.5, -1.47,
  ]
  weights[16]: [
    -0.104, 0.965, -0.968, -0.457, -0.335, -0.283, -1.12, 0.909,
    -0.0202, 0.779, 0.11, 0.99, -0.651, -0.109, 0.888, -1.01,
    -0.698, -0.934, 0.767, -0.349, -1.25, 0.7, 0.495, 0.801,
    0.658, 0.697, -1.24, 0.165, 1.09, 0.985, -0.154, 0.105,
  ]
  weights[17]: [
    -1.11, -0.929, 0.799, 0.93, 0.776, 0.715, 0.471, 0.799,
    -0.678, 0.32, 0.0142, 1.37, -0.9, -0.847, -0.615, -1.15,
    -0.642, 1.05, 0.985, -0.345, -0.231, 0.837, 0.183, -0.982,
    -0.208, -0.00145, -0.209, -0.985, -0.313, 1.24, -0.11, -0.52,
  ]
  weights[18]: [
    0.0651, -0.811, -0.928, 1.12, -0.278, -0.606, 0.8, 0.281,
    -0.401, 1.14, 1.43, 1.47, 1.37, -1.55, -0.422, 0.772,
    -1.21, 1.01, 0.157, -0.176, 1.14, -0.384, 0.875, 0.464,
    0.717, -0.214, 0.768, -0.409, -1.29, -0.57, 0.887, 1.04,
  ]
  weights[19]: [
    0.998, -1.07, 0.887, 0.356, -0.0387, 1.08, 1.2, -0.736,
    0.859, 0.829, 1.26, 0.869, 0.181, -0.264, -0.29, 1.29,
    1.3, 0.526, 0.168, -0.486, 0.53, 0.305, -0.00142, -1.31,
    0.878, -0.624, -0.573, 0.506, -1.3, 0.856, 0.0936, -1.11,
  ]
  weights[20]: [
    0.455, -0.947, -1.14, 0.913, -1.27, 1.11, -1.28, -0.403,
    0.643, 0.926, -0.0922, 1.04, 0.784, 0.292, 0.61, -0.466,
    0.644, -0.764, -0.544, 0.851, 0.357, 0.963, -1.09, -1.24,
    0.189, 0.679, -0.888, -1.26, 0.941, -1.07, -0.467, -1.02,
  ]
  weights[21]: [
    0.58, -0.623, -0.467, 0.721, -1.08, 0.173, -0.199, -1.37,
    -1.33, 0.405, -1.31, 1.06, 1.23, 1.3, -1.33, -0.978,
    0.674, -1.27, 1.08, 1.11, -1.23, 0.41, -1.2, -1.24,
    0.825, 1.17, -1.35, -1.27, -0.633, 0.761, -0.25, 0.957,
  ]
  weights[22]: [
    -1.07, 1.36, 0.337, -0.397, -0.204, -1.28, 0.702, -0.327,
    3.97, -0.609, -1.09, -0.202, -0.236, -1.05, 0.267, 2.87,
    2.56, 1.38, -0.298, -0.494, 0.19, 3.13, 1.35, 0.319,
    -0.403, -0.95, 1.26, 2.56, 1.27, 3.11, 0.37, -0.2,
  ]
  weights[23]: [
    0.839, -0.0959, 0.442, 0.123, -1.05, 0.832, 0.648, 1.14,
    -0.311, 1.42, 0.402, 0.976, -0.0384, -0.492, -1.1, -1.56,
    -0.779, -0.74, 0.633, 0.661, -0.73, -0.18, -1.19, 0.0101,
    -0.118, 0.62, 1.12, -1.02, -1.12, -1.45, 0.925, -1.08,
  ]
  weights[24]: [
    1.11, -0.83, -1.29, -0.00879, 0.664, -1.21, -0.326, -0.863,
    1.48, 0.977, 0.526, -1.09, -1.07, 0.548, 0.632, 0.874,
    -0.475, -0.338, -0.683, -0.0937, 0.878, -0.305, 0.25, -1.2,
    1.08, 0.299, -0.599, 0.728, 1.04, 1.27, -0.0258, 0.0938,
  ]
  weights[25]: [
    0.207, 0.891, 1.24, -0.232, 1.56, -0.758, -1.31, 0.0554,
    -0.452, 1.02, -1.1, -0.821, -0.487, 1.18, 1.5, 1.18,
    1.79, 0.937, -1.39, 0.21, -0.326, 1.77, -0.0881, -0.469,
    -1.65, -0.204, -0.56, 0.769, 0.16, 1.82, 1.08, -0.925,
  ]
  weights[26]: [
    1.05, -0.442, -1.08, -1.11, 0.995, -0.483, 0.494, -0.389,
    -0.335, 1.06, -0.329, 1.31, 1.1, 0.624, -1.51, -0.877,
    -1.16, 0.842, 0.666, 1.13, -1.31, -0.257, -0.593, -0.205,
    -0.726, -0.811, -1.34, 0.113, 0.668, -0.535, 0.0245, -0.42,
  ]
  weights[27]: [
    1.06, -0.97, -0.9, 1.25, -0.153, 0.599, -0.392, -0.841,
    -0.662, -0.175, -0.229, 0.539, 0.556, -0.356, -0.0721, -0.545,
    -0.922, -0.653, 1.05, 0.0669, -0.704, 0.846, 1.2, -1.11,
    0.201, -0.787, 1.12, -0.38, 0.0106, -0.72, -0.491, -0.551,
  ]
  weights[28]: [
    0.556, 0.456, -0.415, -0.816, 0.363, -0.538, 0.893, 1.21,
    0.556, 0.582, -0.373, -1.23, -0.719, 0.399, -0.574, -0.838,
    -0.712, -0.00956, 0.857, -1.42, 0.301, -0.496, 0.0594, 1.2,
    0.702, 1.24, 1.22, -0.919, 0.0422, -1.27, -0.377, 0.214,
  ]
  weights[29]: [
    0.626, -1.02, 0.0748, 0.399, 1.05, 0.462, 0.277, -0.44,
    1.28, 0.966, -0.735, -0.359, -0.444, -0.259, -0.317, 0.251,
    -1.04, 0.171, -1.41, 0.371, 0.324, -0.78, 1.04, -0.57,
    0.62, -0.544, -1.18, 1.41, 0.755, -1.26, 0.288, -1.08,
  ]
  weights[30]: [
    0.464, -1.03, 1.37, 1.3, 1.23, 0.676, 0.105, 1.14,
    0.626, 0.856, 0.6, 0.403, 0.714, -0.0278, -0.672, 0.89,
    -0.991, 0.71, 0.029, -0.142, -0.215, 0.645, -1.26, 0.251,
    0.779, -1.02, -0.946, 0.36, 0.981, 0.41, 0.526, 1.09,
  ]
  weights[31]: [
    -0.732, -1.06, 0.0882, 1.07, -0.729, -1.03, -1.08, -0.251,
    -0.622, 0.192, 0.956, 1.25, -1.05, 0.998, 0.384, -1.01,
    -0.656, 0.64, -0.929, 0.243, 0.0297, -1.31, 0.402, -0.853,
    0.198, -1.45, -1.06, -0.0389, 0.707, 0.368, -0.147, 0.702,
  ]
  biases: [
    -0.137, -0.0258, -0.182, -0.0171, -0.108, 0.00887, 0.0315, -0.0879,
    -0.143, 0.437, -0.104, -0.199, -0.134, -0.056, -0.0752, -0.186,
    -0.159, -0.0109, -0.172, -0.175, -0.13, -0.146, 1.26, -0.0752,
    0.0883, 0.367, -0.0428, -0.0363, -0.0866, -0.139, 0.11, -0.143,
  ]
layer: Activation
  function: ELU
layer: FullyConnected
  weights[0]: [
    0.687, -1.08, 0.684, 0.847, -1.28, 1.07, -0.675, 0.109,
    -1.33, 1.36, 0.113, -0.413, 0.469, -1.17, 1.05, 0.333,
    -0.178, 1.19, 0.757, 1.32, 0.973, 0.682, -1.03, -1.16,
    0.307, 0.116, 0.578, 0.504, -1.05, 0.229, 1.27, -1.06,
  ]
  weights[1]: [
    0.0309, 0.695, -1.51, -1.33, -1.69, -1.6, -0.959, -0.408,
    0.613, 0.235, 0.913, -1.46, -1.74, 0.297, -1.26, -0.565,
    -0.5, -0.659, 0.793, 0.115, -0.629, -1.07, 1.85, -0.683,
    -0.163, 3.45, 0.0693, -1.01, 0.615, 0.4, 0.0744, 0.391,
  ]
  weights[2]: [
    1.41, 1.39, 0.854, -1.3, -0.536, -1.34, -1.01, 0.452,
    0.144, 1.24, 1.24, 0.627, -1.06, 0.562, 2.45, 0.574,
    0.112, -0.967, -0.542, -0.766, 1.3, 0.641, 0.348, -0.198,
    0.277, -0.537, 0.189, -0.186, -0.843, -0.027, -0.194, 0.644,
  ]
  weights[3]: [
    0.943, 0.91, 0.36, -0.761, -0.201, 0.189, -0.279, 1.15,
    0.667, -1.19, 1.15, 1.14, -1.32, 1.29, -1.08, 0.856,
    0.908, -0.692, 0.8, 1.5, 0.342, -0.0827, -0.523, 1.22,
    -0.283, 0.575, -0.525, -0.334, 1.24, 1.21, -0.856, 0.485,
  ]
  weights[4]: [
    -0.627, -0.807, -0.124, 0.788, -1.21, 0.276, 0.912, -0.588,
    0.76, -1.22, -0.624, -1.31, 1.2, 0.183, -0.159, 0.302,
    0.136, 1.41, 0.81, 0.681, 0.602, -0.7, -0.252, -1.19,
    -0.461, 0.98, 0.315, 0.981, 0.851, -0.701, 0.83, -0.52,
  ]
  weights[5]: [
    0.687, -0.0411, -1.07, 1.35, 1.27, -0.169, -0.123, 0.479,
    -1.21, 1.47, -0.0209, 0.613, 0.755, -1.08, -0.636, 0.638,
    -0.353, -0.311, 1.22, -1.13, -0.983, -1.2, -0.0352, -0.953,
    1.11, 1.94, -1.35, -0.593, 0.642, -1.28, -1.06, -0.484,
  ]
  weights[6]: [
    -0.0476, 0.859, -0.613, -0.734, -0.197, 0.562, -0.182, 1.2,
    -0.448, 1.16, -1.1, -1.72, -0.108, -0.498, -0.909, -0.813,
    -0.862, -1.43, -1.3, -0.757, -0.858, -1.2, 1.59, -0.681,
    0.771, 2.31, -0.941, -0.398, -0.831, -1.68, 0.0129, -1.68,
  ]
  weights[7]: [
    0.207, -0.0118, 0.552, -0.747, 1.19, 0.309, -0.505, -1.09,
    0.492, -0.45, 0.115, -0.533, 0.944, -0.0781, 0.115, -0.807,
    0.242, -0.94, 1.38, 1.25, 1.19, -0.0912, 0.862, -0.869,
    -0.513, -0.937, -0.117, -0.69, 0.0207, 0.0583, 0.0573, 1.26,
  ]
  weights[8]: [
    -0.673, 0.959, 0.617, 0.741, -0.158, -0.231, 0.944, -0.565,
    -0.885, -0.032, -1.31, 0.142, -0.174, -1.12, 0.602, -0.805,
    -0.9, -1.32, -0.266, 0.85, -0.299, -0.384, -0.497, -1.43,
    -1.2, 0.757, 0.0552, 0.17, 1.05, -0.153, -0.2, 1.05,
  ]
  weights[9]: [
    1.2, -0.995, -1.4, 1.31, -1.09, 0.982, 0.481, -0.439,
    0.169, 1.19, 0.811, -0.239, 0.488, 0.443, 0.0354, -1.17,
    -0.35, 0.342, 0.213, -1.15, -1.17, 0.222, -0.246, -1.55,
    0.39, 0.609, -1.06, 0.0801, -0.473, -1.38, 0.734, -0.823,
  ]
  weights[10]: [
    -0.467, -0.395, 0.0366, 0.693, 0.712, 0.00823, 0.149, 0.619,
    -0.841, -0.0895, -1.29, -0.43, 0.463, -0.085, 0.761, 0.79,
    0.641, -0.2, 0.528, 1.13, 0.342, -1.41, 1.08, -0.427,
    -0.158, 1.12, -1.38, 0.888, -0.354, 1.04, 0.815, -0.0232,
  ]
  weights[11]: [
    1.04, -0.858, 0.745, 0.56, -0.939, 1.11, -0.646, 1.13,
    0.0778, 0.218, 0.851, 0.655, -0.282, -1.23, -0.737, 0.223,
    -0.964, -0.27, -0.451, 0.671, -0.397, 0.374, -0.587, -1.07,
    1.36, 1.16, -0.871, -0.635, -0.0298, 1.27, -0.891, 0.882,
  ]
  weights[12]: [
    1.25, 0.435, -0.792, -1.09, -1, 0.801, -1.65, -0.938,
    -0.947, 1.91, -1.74, -1.41, -0.848, -2.52, -1.74, -0.307,
    1.11, -1.63, 0.779, -0.142, 0.586, -0.891, 1.19, -2.08,
    1.07, 2.19, -0.774, -1.19, -0.829, 0.138, -0.665, -0.487,
  ]
  weights[13]: [
    -0.26, -1.01, 0.193, 0.729, 0.975, 0.34, 0.582, -0.351,
    0.817, -0.654, -0.314, 0.417, 0.356, 0.461, 0.726, 0.84,
    0.827, -0.307, 0.305, 0.0677, -0.23, -0.178, -1.32, -0.528,
    0.0545, -0.126, 0.217, 0.75, -1.17, -0.598, 0.0017, -0.421,
  ]
  weights[14]: [
    -0.213, 0.667, -2.49, -0.248, 0.85, -1.01, -1.03, 0.626,
    -1.09, 1.86, -1.58, -0.466, -0.16, -2.16, -2.35, -0.85,
    -1.46, -0.106, 0.464, 0.0266, -0.0055, -1.75, 0.785, -0.792,
    1.08, 2.14, -0.164, 0.507, -1.86, 0.226, 0.000263, -0.297,
  ]
  weights[15]: [
    -1.19, -0.0235, 0.574, 0.251, 0.813, 0.553, 1.15, -0.722,
    1.22, 0.101, 1.12, -0.596, 0.938, 0.557, -0.537, -0.762,
    0.855, 1.08, -0.927, -0.637, 0.625, 0.913, 0.389, 1.17,
    -0.356, -1.37, 0.63, -1.24, -0.82, 0.874, -1.12, 0.827,
  ]
  weights[16]: [
    -0.367, 0.936, -0.529, -0.244, 1.19, -0.181, -1.3, -1.34,
    -0.881, 0.243, -0.952, -0.411, 1.18, -0.26, -0.772, 0.948,
    -1.03, 0.375, 0.62, 0.877, -0.382, -0.659, -0.112, -0.562,
    -0.0838, -0.437, -0.409, 0.652, 0.114, -0.227, 0.812, -0.143,
  ]
  weights[17]: [
    -1.3, -0.281, -0.904, -1.2, 0.991, -1.32, 0.894, -0.872,
    1.07, -0.584, 0.896, 0.491, -0.36, -0.0725, -0.735, 0.286,
    -0.879, -0.845, -0.478, -1.09, -1.27, 1.21, -1.12, 0.892,
    0.499, 0.18, -0.349, 1.41, 0.424, 0.814, 0.303, 0.816,
  ]
  weights[18]: [
    0.562, -0.113, -1.06, 0.23, 0.363, -0.901, 0.118, -0.648,
    -0.0662, -1.28, 1.24, 1.3, -0.373, -1.32, -0.265, 0.646,
    -0.209, -1.29, 0.82, 0.133, 0.621, 0.0839, -0.595, 1.05,
    0.0232, -0.828, 0.81, 0.785, -0.327, 1.25, -0.573, 0.723,
  ]
  weights[19]: [
    1.51, 0.266, 1.12, 0.524, -0.206, -0.892, 0.339, 0.366,
    1.07, 0.375, 0.849, -0.728, 0.661, 0.563, 0.773, 1.32,
    0.861, 0.49, 1.37, 0.0205, -0.691, -0.0384, 0.98, -0.839,
    -0.66, -0.742, 0.542, 1.48, 1.07, 0.773, -1.28, -0.0212,
  ]
  weights[20]: [
    0.637, 0.823, -0.0068, 0.128, 0.393, -1.31, -0.668, 1.33,
    -1.06, -0.719, -1.24, -0.153, 1.12, -0.139, -0.326, -0.795,
    0.724, 0.254, -1.05, -0.0797, 0.94, 1.07, -0.745, 1.14,
    -1.08, -0.229, -0.381, -0.0524, -0.0759, -0.456, 0.224, 0.119,
  ]
  weights[21]: [
    -0.0813, -0.0681, 0.0714, -0.0592, -0.0851, -0.0503, 0.0584, -0.00274,
    -0.0611, -0.161, 0.0627, -0.0812, -0.0573, 0.113, -0.482, -0.0752,
    0.0137, 0.0222, -0.0671, -0.0691, -0.053, -0.315, 0.0713, 0.0512,
    -0.156, 0.089, -0.0457, 0.00668, -0.474, -0.0374, -0.0144, -0.0291,
  ]
  weights[22]: [
    -0.369, 0.748, 1.28, 0.439, 0.532, -0.467, 0.334, -1.2,
    -0.0727, -1.37, 0.27, 0.924, -0.903, 0.929, 1.29, 1.18,
    -0.783, -0.848, 0.916, -0.247, -0.952, 0.36, -0.369, 0.255,
    -0.994, -1.3, 1.01, -0.76, 0.31, -0.668, -0.728, -1.1,
  ]
  weights[23]: [
    -1.19, -0.0309, -2.64, -1.9, -1.42, -0.281, -1.56, 0.725,
    -1, 0.506, -0.869, -0.213, -2.28, -0.617, -3.8, -1.14,
    0.446, -1.56, -1.11, -2.12, -2.96, -2.53, 2.89, -0.536,
    -1.39, 4.13, -1.15, -0.288, -0.585, -1.67, -0.0238, 0.0591,
  ]
  weights[24]: [
    -1.35, -1.09, -0.439, 0.509, -0.459, -0.221, 0.726, -0.454,
    -0.103, -0.675, -0.488, 0.812, 0.061, -0.0574, -0.794, -0.33,
    -1.19, -0.121, -1.09, -0.409, -1.2, -0.762, 0.648, -1.29,
    0.147, 1.07, -1.53, 0.296, 0.727, -0.00576, 0.326, 1.01,
  ]
  weights[25]: [
    0.209, -0.732, 0.504, 0.94, -0.481, 0.753, 0.825, -1.37,
    0.65, -0.523, 1.25, 1.38, -0.488, 0.108, -1.02, -0.264,
    0.555, 1.16, 0.448, -0.748, -0.459, 1.26, -1.31, 0.269,
    -0.506, 1.16, -0.677, -0.259, 0.612, 0.504, 0.185, -0.14,
  ]
  weights[26]: [
    -0.346, -0.35, 0.0745, -0.417, -0.303, -0.31, 0.201, -0.0687,
    -0.324, -0.924, 0.118, -0.296, -0.336, 0.406, 0.0211, -0.293,
    0.0537, -0.00354, -0.313, -0.327, -0.3, -0.114, -2.64, 0.355,
    -0.453, 0.885, -0.0305, -0.285, -0.432, -0.305, -0.343, -0.296,
  ]
  weights[27]: [
    -0.452, 0.504, -0.533, -0.0922, -0.714, -0.56, -1.36, -0.144,
    -0.368, -0.36, -0.18, -0.359, -0.849, 0.747, -1.58, 0.637,
    -0.0526, 0.354, -0.155, 0.451, 0.114, -0.927, 1.73, 0.159,
    -0.488, 0.61, -1.34, -0.0318, -0.859, -1.17, 0.659, -1.04,
  ]
  weights[28]: [
    -1.25, -0.637, 1.03, 0.425, 0.888, 0.744, -0.366, -1.26,
    -0.843, 1.15, -0.866, -0.0766, 0.219, 0.986, -0.202, -0.499,
    0.333, 1.26, -1.09, -0.549, 1.49, -0.434, -1.05, 0.596,
    0.753, -2.54, 1.34, -0.499, -0.775, 0.711, 0.324, 1.25,
  ]
  weights[29]: [
    -0.0564, -0.8, -2.56, -0.43, 0.141, 1.25, -1.01, -1.14,
    0.0427, 1.51, -0.666, -1.06, 1.15, 0.0823, -1.82, 0.247,
    0.768, 0.266, -0.611, -0.637, 0.748, -1.31, 1.64, -1.81,
    -0.122, 0.867, -0.934, -1.33, -0.477, -0.3, -0.293, -1.42,
  ]
  weights[30]: [
    -1.63, -0.327, 0.692, 0.519, 0.464, -1.1, -0.898, 0.666,
    -1.51, -0.743, 0.174, 0.753, -1.45, 0.877, -1.43, -1.1,
    -0.231, 1.21, -0.344, 0.108, -0.246, -1.4, 0.00176, -0.857,
    -0.027, 1.99, -1.18, 0.749, -0.377, 0.627, 0.664, -1.67,
  ]
  weights[31]: [
    -1.38, -1.17, -1.36, -0.696, -1.27, 0.694, 0.5, 0.93,
    0.999, -0.0655, 0.525, -1.17, -0.111, -0.494, -0.864, 1.2,
    0.349, 0.985, 0.447, 0.686, -0.569, 0.263, 1.2, -0.13,
    0.47, 0.763, 0.566, 0.24, -0.325, -1.37, 1.02, -0.908,
  ]
  biases: [
    -0.0486, 0.364, -0.0429, -0.128, 0.0595, 0.094, 0.491, -0.142,
    0.109, -0.0569, -0.168, -0.174, 0.242, 0.208, -0.104, 0.038,
    -0.334, -0.0663, -0.0836, -0.136, 0.0127, -0.214, 0.0791, 1.14,
    0.0672, 0.00378, -0.21, 0.141, -0.12, 0.175, 0.417, 0.0517,
  ]
layer: Activation
  function: ELU
layer: FullyConnected
  weights[0]: [
    -0.938, 0.928, -1.26, 0.684, -0.289, 2.09, -0.318, -0.286,
    -1.14, 0.796, -1.01, -0.645, 1.81, 0.454, 0.601, -0.291,
    -1.27, 1.45, -1.21, 0.247, -0.69, -0.933, -1.23, 1.23,
    0.959, -0.823, -0.351, -0.883, -1.15, 2.06, -0.232, -1.15,
  ]
  weights[1]: [
    -0.0577, 0.111, 0.864, 0.817, -1.23, 0.332, 1.57, 0.9,
    -1.11, 0.605, -1.28, 0.742, 1.4, 0.798, -1.42, -0.367,
    0.922, 1.02, 0.491, 1.04, -0.379, 1.38, -0.879, 0.92,
    0.623, 0.849, -0.99, 0.94, 0.539, 0.241, 1.57, 0.163,
  ]
  weights[2]: [
    -0.31, 1.28, -0.318, -0.0759, 0.0641, 0.625, 0.0743, 0.198,
    -1.26, 1.73, -1.4, 1.47, -1.27, -0.0306, 1.29, -1.1,
    -0.741, -0.694, -0.851, 0.969, 1.24, 0.696, 0.0898, 0.964,
    1.3, -1.27, 1.22, 0.918, 0.00631, -0.0492, -0.0781, 1.09,
  ]
  weights[3]: [
    -0.536, 1.03, 1.13, 0.3, 0.131, -2, 1.85, -0.172,
    -0.061, -1.14, -1.02, 0.38, -1.3, 0.0631, -0.654, -1.22,
    -0.0362, 0.514, -0.923, -0.684, 0.893, 0.19, -1.02, 1.64,
    -0.65, -0.291, -0.755, 1.1, -0.448, -2.31, -1.19, 1.01,
  ]
  weights[4]: [
    0.966, 0.901, -0.188, -0.69, 0.319, 0.278, 1.33, 1.43,
    -0.565, -0.244, -0.726, 1.33, -1.09, -0.515, 0.917, 1.17,
    1.23, 0.582, -0.728, -0.675, -0.0341, -0.00709, 0.938, 0.863,
    1.54, 0.937, -1.5, 0.274, 0.961, -1.16, -0.785, 0.618,
  ]
  weights[5]: [
    -1.27, 0.904, -0.966, 0.929, -0.102, -1.23, -1.76, 1.19,
    0.751, 0.924, 0.0574, 0.15, 1.2, -1.36, -0.652, -0.394,
    0.617, 0.997, 0.267, 1.33, 1.38, 1.21, -0.843, 1.5,
    0.143, 0.509, 1.1, -0.461, -0.887, 0.5, 1.16, -1.25,
  ]
  weights[6]: [
    -0.954, 2.32, -0.934, -0.798, -0.983, 0.472, -1.69, -0.237,
    0.247, -0.406, -0.726, -0.564, 0.49, -1.38, -1.05, 0.367,
    0.357, 1.22, 0.556, -0.574, -0.498, -1.14, 1.04, -1.2,
    -0.464, 0.516, -0.976, 0.151, 0.0533, 1.19, -0.144, 0.457,
  ]
  weights[7]: [
    -0.62, 0.629, -1.14, 0.563, 0.74, -0.11, -0.771, 0.847,
    -1.19, -1.26, -1.42, 0.417, -1.25, -1.13, 0.497, -1.04,
    1.02, 1.42, -0.753, 0.0887, -0.0701, 1.28, 0.922, -0.936,
    -2.05, -0.173, 1.02, -1.31, -0.542, -1.14, -1.39, 0.903,
  ]
  weights[8]: [
    0.007, -1.14, 0.129, 0.728, 1.36, -0.987, -1.46, -0.374,
    -1.17, 0.762, 0.475, -0.448, 0.353, -0.233, 0.331, -0.758,
    0.0789, 0.651, 0.928, 0.759, -0.137, -0.654, 1.28, -1.22,
    -1.47, -0.283, 0.853, -0.0144, -0.984, -0.251, -3.39, -0.672,
  ]
  weights[9]: [
    -0.105, -2.75, 1.33, 1.07, -1.23, 1.15, -0.675, -0.0829,
    -1.36, 0.75, -0.632, -0.823, -1.14, 0.152, -1, 1.53,
    -0.324, -0.374, 0.655, -0.00221, 0.535, -0.798, 1.58, -0.118,
    -0.351, 0.0628, -0.689, -0.285, 2.14, -0.689, -0.928, -0.0496,
  ]
  biases: [
    -0.0183, -0.0357, 0.0167, 0.291, 0.0873, 0.02, 0.183, 0.104,
    0.126, 0.0543,
  ]
layer: Activation
  function: Softmax
