layer: InputScaling
  scale: [
    0.1,
  ]
layer: FullyConnected
  weights[0]: [
    -0.921,
  ]
  weights[1]: [
    -0.762,
  ]
  weights[2]: [
    0.342,
  ]
  weights[3]: [
    -1.49,
  ]
  weights[4]: [
    0.425,
  ]
  weights[5]: [
    0.0695,
  ]
  weights[6]: [
    1.29,
  ]
  weights[7]: [
    -0.0955,
  ]
  weights[8]: [
    -0.263,
  ]
  weights[9]: [
    0.738,
  ]
  weights[10]: [
    -1.14,
  ]
  weights[11]: [
    -1.06,
  ]
  weights[12]: [
    -1.01,
  ]
  weights[13]: [
    1.48,
  ]
  weights[14]: [
    -1.31,
  ]
  weights[15]: [
    -0.825,
  ]
  weights[16]: [
    -1.16,
  ]
  weights[17]: [
    0.933,
  ]
  weights[18]: [
    1.37,
  ]
  weights[19]: [
    0.266,
  ]
  weights[20]: [
    -1.23,
  ]
  weights[21]: [
    -0.238,
  ]
  weights[22]: [
    -0.807,
  ]
  weights[23]: [
    1.4,
  ]
  weights[24]: [
    0.271,
  ]
  weights[25]: [
    1.12,
  ]
  weights[26]: [
    -0.301,
  ]
  weights[27]: [
    -0.331,
  ]
  weights[28]: [
    0.459,
  ]
  weights[29]: [
    -0.74,
  ]
  weights[30]: [
    -1.55,
  ]
  weights[31]: [
    0.107,
  ]
  biases: [
    -0.429, 0.143, 0.0994, -0.144, 0.421, -0.109, 0.079, -0.0474,
    0.105, -0.517, -0.0563, -0.0418, -0.308, 0.157, -0.19, 0.407,
    -0.0546, 0.322, -0.0987, -0.681, 0.397, 0.117, 0.432, 0.661,
    0.132, -0.266, -0.0342, 0.469, 0.543, 0.222, -0.0477, 0.205,
  ]
layer: Activation
  function: PReLU
  weights: [
    0.295, 0.249, 0.209, 0.271, 0.25, 0.232, 0.25, 0.254,
    0.244, 0.142, 0.285, 0.266, 0.3, 0.25, 0.264, 0.242,
    0.26, 0.238, 0.25, 0.301, 0.24, 0.241, 0.243, 0.25,
    0.25, 0.293, 0.24, 0.241, 0.25, 0.214, 0.25, 0.25,
  ]
layer: BatchNormalization
  weights: [
    12.8, 15.8, 10.7, 8.86, 8.08, 213, 2.87, 138,
    27, 12.6, 10.9, 12.5, 11.3, 2.42, 9.91, 7.47,
    11.7, 3.67, 2.55, 44.1, 7.3, 25.2, 7.24, 2.43,
    12.6, 3.3, 48.9, 10.8, 7.48, 13.1, 8.87, 32.5,
  ]
  biases: [
    3.46, 1.01, -3.08, 2.29, -5.24, 3.47, -2.26, 3.46,
    -0.0556, -0.371, 2.08, 2.08, 2.89, -2.35, 2.35, -0.336,
    2.09, -3.03, -1.7, 7.01, 0.267, -0.366, -0.468, -3.4,
    -3.55, -1.28, 2.33, -3.09, -5.86, 0.368, 1.98, -8.54,
  ]
layer: FullyConnected
  weights[0]: [
    0.039, -0.224, 0.225, -0.25, -0.103, 0.189, 0.1, -0.0899,
    -0.114, 0.0836, -0.135, -0.139, 0.137, 0.103, 0.0629, 0.0627,
    0.0489, -0.138, 0.0418, -0.118, 0.0647, -0.0626, 0.0138, -0.132,
    -0.0511, 0.1, -0.168, -0.145, 0.0178, 0.17, -0.172, 0.2,
  ]
  weights[1]: [
    -0.0648, 0.174, -0.0794, 0.212, 0.129, -0.0172, -0.229, -0.0702,
    0.144, 0.0591, -0.00465, -0.213, 0.192, -0.19, 0.231, 0.181,
    0.0184, 0.0771, 0.0165, 0.0401, 0.00714, 0.179, 0.225, -0.0321,
    0.179, 0.15, -0.137, 0.0263, -0.0976, -0.17, 0.0432, 0.0845,
  ]
  weights[2]: [
    -0.214, -0.185, 0.0535, 0.0684, 0.14, 0.171, 0.177, 0.0629,
    0.204, 0.356, 0.142, 0.0369, 0.0244, 0.192, -0.0296, -0.179,
    0.158, 0.155, -0.136, 0.156, 0.0552, -0.167, 0.0664, 0.158,
    0.211, 0.07, -0.0681, -0.0759, -0.172, -0.118, -0.119, -0.163,
  ]
  weights[3]: [
    -0.208, -0.196, -0.136, 0.0322, -0.0584, 0.219, 0.228, -0.122,
    0.0881, 0.153, 0.00748, 0.07, -0.15, 0.13, 0.0847, 0.159,
    -0.189, 0.0897, -0.182, -0.0641, 0.0259, -0.0757, -0.108, 0.114,
    0.182, -0.141, 0.145, 0.0282, 0.151, 0.0107, 0.188, 0.227,
  ]
  weights[4]: [
    0.0408, 0.162, 0.052, 0.00136, -0.206, 0.1, -0.113, 0.168,
    -0.0791, 0.173, 0.0291, 0.203, 0.147, -0.0987, 0.106, 0.122,
    0.191, -0.253, -0.179, -0.115, -0.0282, 0.151, 0.29, 0.131,
    0.0728, -0.204, -0.0567, -0.103, 0.126, 0.2, -0.000571, -0.0296,
  ]
  weights[5]: [
    -0.109, 0.159, 0.157, -0.0135, 0.0646, 0.163, 0.0117, -0.062,
    0.0187, 0.185, -0.0373, -0.121, 0.112, -0.14, -0.0785, -0.225,
    -0.184, -0.125, -0.00709, 0.107, -0.199, 0.194, 0.0363, -0.0343,
    -0.0928, -0.126, -0.219, -0.188, 0.101, 0.178, 0.103, -0.0933,
  ]
  weights[6]: [
    -0.0743, -0.0758, 0.204, 0.198, -0.113, 0.0409, 0.102, 0.0636,
    -0.188, -0.0407, -0.108, -0.194, 0.171, 0.00522, -0.00714, -0.151,
    -0.0648, -0.156, -0.127, 0.0566, -0.0244, 0.0584, 0.0204, -0.0641,
    0.202, 0.23, 0.109, -0.123, 0.14, -0.202, -0.0661, 0.0897,
  ]
  weights[7]: [
    -0.106, -0.0984, -0.144, 0.0616, -0.0529, 0.147, 0.143, -0.189,
    0.0956, 0.0626, -0.0502, -0.146, 0.0655, 0.14, -0.175, -0.147,
    0.0862, 0.138, 0.199, 0.0563, -0.182, 0.0984, -0.086, 0.117,
    -0.0352, -0.191, -0.191, 0.1, 0.0643, 0.124, -0.15, 0.164,
  ]
  weights[8]: [
    -0.171, -0.141, -0.0738, 0.218, 0.0116, 0.0012, -0.00973, -0.191,
    -0.0845, 0.197, 0.0556, -0.139, -0.0124, 0.0292, -0.163, -0.0241,
    -0.114, -0.0149, -0.0505, 0.103, -0.187, 0.0409, -0.151, -0.213,
    0.0649, -0.184, -0.16, -0.0299, -0.00756, -0.0897, 0.0788, -0.109,
  ]
  weights[9]: [
    0.0362, -0.0952, -0.0257, 0.0598, -0.158, -0.0949, 0.0695, -0.0106,
    0.0539, 0.0445, 0.226, 0.149, -0.0754, -0.0166, -0.141, -0.0489,
    0.0815, -0.178, -0.189, 0.19, 0.0598, 0.235, 0.206, 0.14,
    -0.2, -0.176, 0.242, -0.0999, -0.101, 0.244, 0.0144, -0.151,
  ]
  weights[10]: [
    0.1, -0.026, 0.0665, -0.121, -0.0204, 0.0547, 0.138, 0.035,
    -0.102, 0.311, 0.153, 0.187, 0.14, 0.16, 0.0469, -0.0351,
    0.0277, -0.178, 0.216, 0.0981, -0.23, -0.0598, 0.0434, 0.191,
    -0.00104, 0.241, -0.021, 0.156, -0.176, 0.103, -0.18, -0.0691,
  ]
  weights[11]: [
    0.182, 0.263, -0.0994, -0.0715, 0.139, 0.0868, -0.164, 0.0629,
    -0.0455, 0.147, 0.0787, 0.0456, 0.182, -0.0165, 0.221, 0.132,
    -0.0496, -0.239, -0.23, -0.0994, 0.0121, 0.226, 0.128, 0.0466,
    -0.252, -0.0905, 0.0225, -0.00838, 0.125, 0.00676, 0.0903, 0.02,
  ]
  weights[12]: [
    0.0438, -0.00767, 0.19, -0.0431, 0.0757, 0.0755, 0.156, -0.204,
    -0.102, 0.131, -0.0474, 0.038, -0.00874, 0.0285, 0.0107, 0.176,
    -0.00523, 0.0574, 0.2, -0.169, -0.0354, 0.119, -0.211, 0.0709,
    0.151, -0.142, -0.0334, -0.237, 0.188, -0.165, -0.0245, -0.159,
  ]
  weights[13]: [
    0.0419, -0.00412, 0.0396, -0.125, -0.0107, -0.0915, 0.21, 0.151,
    -0.19, 0.133, 0.158, -0.157, -0.112, -0.0133, 0.0473, -0.0867,
    -0.128, -0.192, 0.148, 0.18, 0.0527, -0.0824, 0.0692, -0.116,
    -0.0738, -0.169, 0.0698, 0.135, -0.201, -0.145, -0.0246, 0.138,
  ]
  weights[14]: [
    -0.207, 0.115, -0.089, 0.0983, -0.106, -0.181, 0.0322, 0.00567,
    -0.204, 0.152, -0.182, -0.136, 0.0668, -0.0575, 0.0021, -0.127,
    -0.138, 0.19, 0.00875, 0.172, -0.0185, -0.0747, 0.0953, -0.0287,
    0.041, -0.0963, -0.125, -0.0162, -0.183, -0.188, -0.0405, 0.0916,
  ]
  weights[15]: [
    0.122, 0.0987, -0.00725, -0.0521, 0.149, -0.247, -0.279, 0.0397,
    -0.0753, -0.154, -0.0128, 0.0965, -0.077, -0.239, -0.0576, 0.191,
    0.0714, 0.0782, -0.0517, -0.00522, 0.248, -0.0399, 0.218, 0.0781,
    -0.129, -0.206, 0.107, 0.138, -0.0371, 0.203, 0.266, -0.262,
  ]
  weights[16]: [
    -0.0618, 0.107, -0.0902, -0.125, 0.00349, -0.00588, -0.127, 0.136,
    -0.0131, 0.258, -0.0366, 0.104, -0.154, 0.0301, 0.0929, -0.163,
    -0.139, -0.0946, 0.163, 0.00919, -0.235, 0.137, 0.0626, 0.17,
    0.145, 0.155, -0.204, 0.0213, 0.224, 0.143, -0.0728, 0.0698,
  ]
  weights[17]: [
    -0.207, -0.179, 0.16, 0.108, 0.16, 0.169, 0.106, 0.131,
    -0.131, 0.135, -0.0332, 0.176, -0.174, -0.0961, -0.128, -0.21,
    -0.13, 0.196, 0.184, -0.0233, -0.0689, 0.0967, -0.0139, -0.116,
    0.00326, 0.032, -0.0632, -0.188, -0.00846, 0.162, -0.0502, -0.0443,
  ]
  weights[18]: [
    0.0455, -0.0871, -0.177, 0.209, -0.0801, -0.131, 0.0828, 0.159,
    -0.0183, 0.195, 0.268, 0.273, 0.25, -0.276, -0.0258, 0.216,
    -0.147, 0.121, -0.0139, -0.0359, 0.211, 0.0462, 0.228, 0.0358,
    0.0699, -0.073, 0.205, 0.00914, -0.234, -0.0231, 0.172, 0.126,
  ]
  weights[19]: [
    0.156, -0.15, 0.155, 0.0461, -0.0109, 0.115, 0.187, -0.108,
    0.179, 0.21, 0.185, 0.0966, 0.00515, -0.0365, -0.0399, 0.293,
    0.224, 0.0865, 0.0305, -0.0195, 0.0883, 0.117, 0.0485, -0.202,
    0.115, -0.0832, -0.0166, 0.125, -0.199, 0.138, 0.013, -0.162,
  ]
  weights[20]: [
    0.0785, -0.128, -0.17, 0.137, -0.199, 0.152, -0.201, -0.0639,
    0.153, 0.226, -0.0168, 0.117, 0.101, 0.0438, 0.0966, 0.0303,
    0.132, -0.118, -0.0856, 0.186, 0.0568, 0.178, -0.159, -0.194,
    -0.00853, 0.105, -0.0859, -0.16, 0.153, -0.222, -0.0724, -0.149,
  ]
  weights[21]: [
    0.0867, -0.0926, -0.0558, 0.0999, -0.142, 0.0654, -0.0234, -0.163,
    -0.182, 0.0211, -0.205, 0.151, 0.18, 0.204, -0.204, -0.156,
    0.106, -0.184, 0.17, 0.164, -0.192, 0.0961, -0.197, -0.183,
    0.141, 0.185, -0.195, -0.202, -0.0782, 0.111, -0.0436, 0.159,
  ]
  weights[22]: [
    -0.149, -0.0296, -0.112, 0.0444, -0.181, -0.0212, 0.112, -0.163,
    0.222, 0.000592, -0.101, 0.0556, 0.0566, -0.19, -0.0445, 0.265,
    0.0359, 0.135, -0.0625, -0.0674, -1.87e-05, 0.181, 0.268, -0.0039,
    0.116, -0.184, -0.0621, 0.25, 0.0235, 0.177, 0.0638, -0.182,
  ]
  weights[23]: [
    0.147, 0.0369, 0.0747, 0.0192, -0.152, 0.178, 0.0799, 0.173,
    0.0308, 0.195, 0.078, 0.146, 3.41e-05, -0.0908, -0.141, -0.199,
    -0.066, -0.121, 0.0809, 0.082, -0.1, -0.0132, -0.187, -0.0122,
    -0.0389, 0.0801, 0.168, -0.151, -0.159, -0.193, 0.154, -0.157,
  ]
  weights[24]: [
    0.126, -0.184, -0.17, -0.0356, 0.131, -0.169, -0.00955, -0.118,
    0.153, 0.21, 0.0421, -0.204, -0.206, 0.124, 0.0503, 0.088,
    -0.128, -0.0173, -0.0655, 0.0277, 0.0935, -0.105, 0.00244, -0.147,
    0.202, 0.0861, -0.155, 0.0675, 0.182, 0.147, -0.0444, 0.0344,
  ]
  weights[25]: [
    -0.0184, 0.0102, 0.192, -0.0527, 0.235, -0.0457, -0.141, -0.0113,
    -0.22, 0.28, -0.182, -0.119, -0.0816, 0.233, 0.155, 0.086,
    0.124, 0.177, -0.159, 0.0925, -0.105, 0.145, -0.0216, -0.0306,
    -0.151, 0.0191, -0.192, 0.0358, 0.0161, 0.198, 0.118, -0.147,
  ]
  weights[26]: [
    0.169, -0.0357, -0.154, -0.175, 0.168, -0.0586, 0.0668, -0.033,
    0.0145, 0.255, -0.043, 0.196, 0.17, 0.0881, -0.215, -0.0982,
    -0.148, 0.13, 0.0946, 0.169, -0.195, -0.0214, -0.0867, -0.0354,
    -0.119, -0.131, -0.173, 0.0401, 0.121, -0.0598, 0.00923, -0.046,
  ]
  weights[27]: [
    0.198, -0.12, -0.173, 0.226, -0.0529, 0.0609, -0.0911, -0.115,
    -0.0749, -0.045, -0.00878, 0.0986, 0.109, -0.0852, 0.0191, -0.0342,
    -0.113, -0.131, 0.131, -0.0116, -0.0776, 0.177, 0.22, -0.202,
    0.00339, -0.152, 0.195, -0.0212, -0.0308, -0.102, -0.0443, -0.119,
  ]
  weights[28]: [
    0.068, 0.0492, -0.043, -0.141, 0.0755, -0.0677, 0.157, 0.148,
    0.0681, 0.194, -0.0705, -0.195, -0.122, 0.0812, -0.105, -0.11,
    -0.131, 0.0179, 0.151, -0.176, 0.0334, -0.0283, 0.043, 0.2,
    0.132, 0.212, 0.183, -0.118, 0.0234, -0.177, -0.0751, 0.0497,
  ]
  weights[29]: [
    0.067, -0.186, 0.0446, 0.0294, 0.188, 0.108, 0.0744, -0.0266,
    0.151, 0.154, -0.149, -0.0914, -0.103, -0.00596, -0.0774, 0.0287,
    -0.186, 0.0565, -0.179, 0.101, 0.0212, -0.092, 0.156, -0.06,
    0.125, -0.0419, -0.183, 0.201, 0.139, -0.22, 0.012, -0.136,
  ]
  weights[30]: [
    0.0559, -0.182, 0.217, 0.193, 0.199, 0.128, 0.0321, 0.187,
    0.0645, 0.194, 0.0822, 0.0488, 0.099, 0.0101, -0.12, 0.11,
    -0.181, 0.122, 0.0197, -0.011, -0.0481, 0.0486, -0.219, 0.0519,
    0.137, -0.143, -0.166, 0.024, 0.158, 0.0286, 0.0701, 0.176,
  ]
  weights[31]: [
    -0.0675, -0.119, -0.0254, 0.207, -0.158, -0.213, -0.213, -0.00387,
    -0.0344, -0.00383, 0.188, 0.245, -0.121, 0.108, 0.107, -0.0993,
    -0.0481, 0.0553, -0.188, -0.00977, 0.0512, -0.109, 0.119, -0.175,
    -0.0181, -0.267, -0.0855, 0.0473, 0.0682, 0.123, 0.0234, 0.0647,
  ]
  biases: [
    -0.00949, -0.128, -0.0115, 0.0119, 0.00247, 0.0245, -0.0384, -0.027,
    -0.0408, 0.0266, -0.084, -0.0174, 0.0743, -0.041, -0.0156, 0.0249,
    0.0107, 0.0654, 0.00381, -0.226, -0.0588, -0.0235, -0.0366, -0.069,
    -0.0198, -0.0284, 0.00367, 0.00752, -0.0733, -0.092, 0.0413, -0.0104,
  ]
layer: Activation
  function: PReLU
  weights: [
    0.179, 0.247, 0.229, 0.208, 0.229, 0.249, 0.225, 0.202,
    0.241, 0.214, 0.114, 0.234, 0.231, 0.238, 0.223, 0.177,
    0.251, 0.258, 0.226, 0.228, 0.296, 0.262, 0.234, 0.32,
    0.192, 0.201, 0.231, 0.213, 0.219, 0.272, 0.241, 0.235,
  ]
layer: BatchNormalization
  weights: [
    1.07, 1.76, 0.925, 1.39, 0.742, 1.69, 1.44, 0.958,
    1.61, 0.747, 2.55, 0.803, 0.936, 5.97, 1.67, 0.592,
    1.14, 0.848, 0.729, 1.3, 3.7, 1.13, 0.802, 16.4,
    1.6, 2.1, 1.3, 1.14, 0.921, 1.29, 1.22, 1.17,
  ]
  biases: [
    -0.608, -0.425, -0.518, -0.589, -0.479, -0.422, -0.534, -0.609,
    -0.416, -0.419, -0.542, -0.605, -0.433, -0.148, -0.515, -0.588,
    -0.451, -0.431, -0.607, -0.378, -0.14, -0.463, -0.369, 0.965,
    -0.373, -0.509, -0.508, -0.579, -0.505, -0.521, -0.454, -0.604,
  ]
layer: FullyConnected
  weights[0]: [
    0.119, -0.127, 0.151, 0.158, -0.191, 0.187, -0.0699, 0.0559,
    -0.163, 0.227, 0.087, -0.045, 0.109, -0.131, 0.192, 0.0745,
    0.0141, 0.217, 0.133, 0.235, 0.19, 0.136, -0.133, -0.16,
    0.0896, 0.0409, 0.133, 0.0998, -0.119, 0.068, 0.237, -0.154,
  ]
  weights[1]: [
    0.0455, 0.158, -0.193, -0.171, -0.167, -0.195, -0.143, -0.0714,
    0.121, 0.0609, 0.165, -0.143, -0.227, 0.052, -0.126, -0.00992,
    -0.0874, -0.086, 0.206, 0.0808, -0.0461, -0.12, 0.21, -0.0573,
    -0.0335, 0.0494, 0.0315, -0.0779, 0.0657, 0.0769, -0.00304, 0.204,
  ]
  weights[2]: [
    0.203, 0.31, 0.125, -0.209, -0.0713, -0.236, -0.159, 0.0644,
    0.0299, 0.202, 0.199, 0.147, -0.16, 0.11, 0.187, 0.13,
    -0.00312, -0.171, -0.0248, -0.0722, 0.283, 0.0813, 0.128, -0.045,
    0.0683, -0.0633, 0.0143, 0.0255, -0.132, 0.00467, -0.0367, 0.0838,
  ]
  weights[3]: [
    0.15, 0.139, 0.0992, -0.09, -0.00324, 0.0566, -0.0269, 0.222,
    0.15, -0.162, 0.281, 0.194, -0.165, 0.212, -0.142, 0.142,
    0.207, -0.0784, 0.157, 0.241, 0.0723, 0.00929, -0.0478, 0.138,
    -0.0245, 0.263, -0.0429, -0.0398, 0.227, 0.24, -0.0892, 0.113,
  ]
  weights[4]: [
    -0.051, -0.0523, 0.0109, 0.186, -0.166, 0.102, 0.151, -0.0624,
    0.151, -0.156, 0.000901, -0.158, 0.218, 0.0633, 0.0195, 0.078,
    0.0526, 0.231, 0.136, 0.153, 0.16, -0.0908, 0.00109, -0.187,
    0.00548, 0.2, 0.0779, 0.178, 0.155, -0.0705, 0.167, -0.0528,
  ]
  weights[5]: [
    0.175, 0.028, -0.0204, 0.305, 0.306, 0.0865, 0.0296, 0.153,
    -0.12, 0.291, 0.163, 0.179, 0.155, -0.0727, 0.0158, 0.185,
    0.0746, 0.0556, 0.287, -0.0993, -0.0586, -0.0674, 0.0454, -0.154,
    0.226, 0.275, -0.081, -0.014, 0.164, -0.12, -0.0817, 0.0578,
  ]
  weights[6]: [
    -0.0467, 0.235, -0.101, -0.199, -0.00289, 0.0757, -0.0495, 0.0623,
    -0.0579, 0.14, -0.186, -0.229, -0.0557, 0.0025, -0.0847, -0.0916,
    -0.298, -0.32, -0.173, -0.0549, 0.0299, -0.198, 0.153, 0.111,
    0.112, 0.0274, -0.225, -0.00473, -0.242, -0.312, -0.165, -0.272,
  ]
  weights[7]: [
    -0.0215, 0.0263, 0.105, -0.136, 0.148, 0.0201, -0.0488, -0.145,
    0.102, -0.0928, 0.0263, -0.0907, 0.168, 0.0287, 0.0439, -0.136,
    0.0532, -0.125, 0.196, 0.183, 0.199, 0.00449, 0.129, -0.101,
    -0.102, -0.172, 0.00342, -0.113, 0.0274, 0.0293, 0.0309, 0.188,
  ]
  weights[8]: [
    -0.0771, 0.231, 0.122, 0.158, 0.016, -0.0332, 0.16, -0.0774,
    -0.11, 0.0257, -0.182, 0.0766, -0.00126, -0.144, 0.0839, -0.0755,
    -0.144, -0.201, 0.00122, 0.18, 0.0135, -0.0498, -0.0536, -0.181,
    -0.143, 0.0188, 0.0204, 0.0755, 0.172, 0.0187, -0.0197, 0.16,
  ]
  weights[9]: [
    0.141, -0.141, -0.175, 0.201, -0.169, 0.142, 0.102, -0.0415,
    0.0302, 0.15, 0.135, -0.0435, 0.0849, 0.123, 0.0283, -0.172,
    -0.0243, 0.0773, 0.0225, -0.166, -0.158, 0.0648, -0.0678, -0.16,
    0.042, -0.0127, -0.129, 0.00769, -0.042, -0.193, 0.127, -0.118,
  ]
  weights[10]: [
    -0.101, -0.187, 0.0957, 0.182, 0.0794, 0.017, 0.0969, 0.172,
    -0.142, -0.0945, -0.157, -0.119, 0.146, 0.111, 0.211, 0.103,
    0.204, 0.0312, 0.0485, 0.175, 0.0465, -0.173, 0.0892, 0.0574,
    -0.0188, 0.163, -0.153, 0.128, 0.0145, 0.227, 0.211, -0.0325,
  ]
  weights[11]: [
    0.128, -0.118, 0.168, 0.0875, -0.157, 0.17, -0.053, 0.225,
    0.0631, 0.0272, 0.249, 0.0968, 0.00466, -0.132, -0.0563, 0.0292,
    -0.0935, 0.00667, -0.0539, 0.112, -0.0359, 0.104, -0.0881, -0.123,
    0.22, 0.166, -0.08, -0.0999, 0.0475, 0.232, -0.086, 0.131,
  ]
  weights[12]: [
    0.174, -0.0541, 0.061, -0.234, -0.199, 0.109, -0.0716, -0.105,
    -0.123, 0.038, -0.316, -0.273, -0.137, -0.217, -0.0198, -0.102,
    0.167, -0.157, 0.0838, -0.119, -0.0201, 0.0813, -0.108, -0.154,
    0.0334, -0.0964, -0.0145, -0.204, -0.098, 0.0355, -0.185, -0.0657,
  ]
  weights[13]: [
    0.0355, -0.145, 0.0823, 0.212, 0.308, 0.135, 0.0946, -0.0346,
    0.192, 0.000868, 0.0865, 0.181, 0.0901, 0.107, 0.155, 0.263,
    0.196, -0.0196, 0.191, 0.126, 0.0852, 0.000273, -0.103, -0.131,
    0.115, 0.0396, 0.0715, 0.245, -0.172, -0.0439, 0.0197, 0.0221,
  ]
  weights[14]: [
    -0.0667, -0.0989, -0.188, -0.12, 0.0411, -0.233, 0.0619, 0.214,
    -0.213, -0.00436, -0.384, -0.211, -0.0147, -0.213, -0.194, -0.276,
    -0.207, 0.145, -0.0193, -0.172, -0.265, -0.0295, -0.259, -0.0426,
    -0.00737, -0.0363, 0.122, -0.0182, -0.201, 0.00147, -0.0088, -0.101,
  ]
  weights[15]: [
    -0.233, -0.0926, 0.0569, 0.0186, -0.0307, 0.0934, 0.126, -0.161,
    0.18, -0.11, 0.235, -0.221, 0.125, 0.0922, -0.136, -0.245,
    0.1, 0.129, -0.278, -0.179, 0.137, 0.101, -0.0675, 0.376,
    -0.0558, -0.143, 0.0613, -0.316, -0.151, 0.116, -0.192, 0.0185,
  ]
  weights[16]: [
    -0.144, 0.121, -0.116, -0.17, 0.0903, -0.131, -0.216, -0.247,
    -0.215, -0.023, -0.131, -0.152, 0.153, -0.0172, -0.156, 0.072,
    -0.202, 0.0319, 0.00887, 0.0803, -0.0815, -0.125, -0.0621, 0.0225,
    -0.0581, -0.0376, -0.0951, 0.0225, 0.00819, -0.148, 0.0989, -0.177,
  ]
  weights[17]: [
    -0.187, -0.121, -0.135, -0.213, 0.115, -0.24, 0.174, -0.112,
    0.174, -0.127, 0.0563, 0.0406, -0.0319, -0.0529, -0.0961, 0.00844,
    -0.148, -0.109, -0.111, -0.242, -0.298, 0.216, -0.242, 0.0953,
    0.0201, -0.129, -0.0497, 0.189, 0.073, 0.129, 0.0534, 0.109,
  ]
  weights[18]: [
    0.0997, 0.0645, -0.135, 0.0455, 0.0433, -0.151, 0.0446, -0.0762,
    0.0196, -0.196, 0.239, 0.224, -0.0319, -0.15, -0.0311, 0.116,
    -0.0255, -0.191, 0.16, 0.0551, 0.163, 0.0241, -0.0564, 0.161,
    0.0323, -0.108, 0.145, 0.143, -0.0216, 0.22, -0.0703, 0.0518,
  ]
  weights[19]: [
    0.169, -0.0529, 0.145, 0.0249, -0.0811, -0.18, 0.0598, 0.0538,
    0.14, -0.00425, 0.0106, -0.171, 0.101, 0.0462, 0.0942, 0.113,
    0.106, 0.0771, 0.124, -0.0786, -0.194, 0.00454, 0.0777, -0.139,
    -0.161, -0.157, 0.0682, 0.138, 0.147, 0.0901, -0.181, -0.0613,
  ]
  weights[20]: [
    0.076, 0.0699, 0.00771, 0.0336, -0.0501, -0.183, -0.105, 0.202,
    -0.134, -0.199, -0.129, -0.119, 0.202, 0.0212, -0.0546, -0.213,
    0.119, 0.0439, -0.262, -0.0708, 0.137, 0.17, -0.217, 0.281,
    -0.153, -0.0545, -0.0527, -0.0965, -0.00416, -0.0607, 0.0479, -0.0588,
  ]
  weights[21]: [
    0.132, 0.258, -0.174, 0.144, -0.0921, 0.0303, 0.00256, -0.00362,
    -0.104, 0.116, -0.0927, 0.0204, 0.191, -0.174, -0.138, 0.141,
    0.0548, 0.0631, -0.0908, 0.184, 0.204, 0.0438, -0.148, 0.107,
    -0.168, 0.179, -0.173, 0.238, -0.173, 0.0499, 0.156, 0.0464,
  ]
  weights[22]: [
    -0.00689, 0.222, 0.185, 0.124, 0.109, -0.0412, 0.0385, -0.187,
    -0.00773, -0.176, 0.0518, 0.194, -0.129, 0.128, 0.173, 0.222,
    -0.139, -0.155, 0.167, 0.0192, -0.055, 0.0294, -0.00558, -0.0086,
    -0.0971, -0.148, 0.142, -0.0768, 0.0416, -0.0954, -0.105, -0.188,
  ]
  weights[23]: [
    -0.036, 0.159, -0.134, -0.2, -0.00731, 0.171, -0.162, 0.149,
    0.0372, 0.0141, -0.0292, 0.231, -0.16, 0.0824, -0.188, 0.00485,
    0.0902, -0.171, 0.0503, -0.17, -0.165, -0.109, 0.0237, 0.145,
    -0.192, 0.0904, -0.0441, 0.168, -0.157, -0.114, -0.0689, 0.317,
  ]
  weights[24]: [
    -0.199, -0.29, -0.0884, 0.0222, -0.126, -0.0897, 0.121, -0.0767,
    -0.0482, -0.184, -0.207, 0.0669, -0.0172, -0.0574, -0.129, -0.104,
    -0.219, -0.0223, -0.269, -0.183, -0.32, -0.111, -0.0335, -0.217,
    -0.0661, -0.0364, -0.262, -2.25e-05, 0.0863, -0.0385, 0.00396, 0.13,
  ]
  weights[25]: [
    0.0596, -0.0638, 0.149, 0.2, -0.0596, 0.163, 0.17, -0.152,
    0.179, -0.0689, 0.333, 0.234, -0.0109, 0.0929, -0.0911, -0.0162,
    0.144, 0.223, 0.109, -0.0688, -0.0131, 0.241, -0.178, 0.0788,
    -0.00677, 0.164, -0.0402, -0.00966, 0.145, 0.169, 0.0855, 0.00326,
  ]
  weights[26]: [
    -0.0868, -0.118, -0.147, -0.0232, -0.0824, 0.16, 0.158, -0.0425,
    -0.0443, -0.0608, 0.18, 0.225, 0.103, 0.1, 0.0533, 0.137,
    -0.22, -0.189, 0.12, 0.235, 0.0439, -0.217, 0.0945, -0.115,
    0.0951, 0.181, -0.0686, -0.036, -0.118, 0.0451, -0.0957, -0.15,
  ]
  weights[27]: [
    -0.116, 0.155, -0.0799, -0.0909, -0.165, -0.137, -0.244, -0.135,
    -0.0817, -0.148, -0.041, -0.0759, -0.14, 0.183, -0.182, 0.0894,
    -0.124, -0.0059, -0.0487, 0.0986, 0.108, -0.147, 0.0511, 0.258,
    -0.0845, -0.22, -0.272, -0.0355, -0.211, -0.26, 0.0149, -0.272,
  ]
  weights[28]: [
    -0.227, -0.197, 0.172, 0.0502, -0.0308, 0.115, -0.0472, -0.187,
    -0.103, 0.0545, -0.0582, -0.15, 0.0558, 0.203, -0.0442, -0.211,
    0.0678, 0.207, -0.321, -0.187, 0.186, -0.0543, -0.259, 0.191,
    0.112, -0.179, 0.219, -0.208, -0.0965, 0.0995, 0.0724, 0.0749,
  ]
  weights[29]: [
    -0.0113, -0.192, -0.25, -0.116, 0.0222, 0.178, -0.0914, -0.178,
    -0.0165, 0.106, -0.128, -0.182, 0.151, 0.0879, -0.119, 0.0178,
    0.0902, 0.0741, -0.104, -0.142, 0.0839, -0.0517, 0.0688, -0.191,
    -0.108, -0.158, -0.0974, -0.21, -0.0825, -0.0644, -0.115, -0.203,
  ]
  weights[30]: [
    -0.149, 0.0974, 0.123, 0.163, 0.152, -0.108, -0.148, 0.0782,
    -0.151, -0.0753, 0.0381, 0.232, -0.172, 0.17, -0.192, -0.0781,
    -0.0791, 0.152, 0.0445, 0.139, 0.135, -0.2, 0.0332, -0.121,
    0.0963, 0.1, -0.192, 0.228, -0.0771, 0.185, 0.0621, -0.224,
  ]
  weights[31]: [
    -0.257, -0.212, -0.205, -0.105, -0.262, 0.111, 0.073, 0.133,
    0.167, -0.072, 0.122, -0.242, -0.00999, -0.0493, -0.126, 0.131,
    0.0464, 0.154, 0.0102, 0.0745, -0.064, 0.0424, 0.117, 0.0666,
    0.0727, 0.0406, 0.0935, -0.0159, -0.0494, -0.22, 0.163, -0.17,
  ]
  biases: [
    0.00204, 0.0352, -0.0446, -0.135, -0.0998, 0.032, 0.0112, 0.0119,
    -0.0318, -0.0109, -0.00645, -0.0613, 0.00997, 0.0339, -0.0293, 0.127,
    0.0845, -0.0257, -0.106, 0.116, 0.0607, -0.0755, -0.078, -0.0433,
    0.0617, -0.0942, -0.0369, 0.129, 0.0701, 0.0358, -0.087, 0.0885,
  ]
layer: Activation
  function: PReLU
  weights: [
    0.208, 0.223, 0.155, 0.0878, 0.207, 0.195, 0.171, 0.207,
    0.203, 0.238, 0.136, 0.219, 0.127, 0.132, 0.0542, 0.244,
    0.213, 0.154, 0.258, 0.276, 0.253, 0.205, 0.214, 0.236,
    0.116, 0.21, 0.234, 0.199, 0.229, 0.122, 0.194, 0.253,
  ]
layer: BatchNormalization
  weights: [
    1.01, 1.17, 1.1, 1.44, 0.974, 1.48, 1.27, 1.5,
    1.17, 0.994, 1.32, 0.902, 2.71, 1.88, 1.93, 0.886,
    1.07, 3.04, 1.83, 1.63, 1.48, 1.52, 2.25, 1.06,
    2.03, 0.578, 1.74, 1.08, 1.07, 2.73, 1.2, 1.67,
  ]
  biases: [
    -0.46, -0.508, -0.489, -0.461, -0.427, -0.679, -0.944, -0.434,
    -0.378, -0.482, -0.499, -0.4, -0.727, -0.789, -0.894, -0.714,
    -0.764, -0.609, -0.284, -0.463, -0.709, -0.415, -0.333, -0.529,
    -0.873, -0.422, -0.374, -0.892, -0.746, -0.956, -0.395, -0.751,
  ]
layer: FullyConnected
  weights[0]: [
    -0.236, 0.169, -0.268, 0.244, -0.0929, 0.378, -0.196, -0.0766,
    -0.147, 0.00757, -0.204, -0.161, 0.337, 0.232, 0.207, -0.145,
    -0.246, 0.313, -0.191, 0.0249, -0.191, -0.181, -0.169, 0.217,
    0.348, -0.154, -0.0646, -0.273, -0.288, 0.271, -0.0452, -0.214,
  ]
  biases: [
    0.00267,
  ]
layer: OutputScaling
  weight: [
    1.99,
  ]
  bias: [
    4.1,
  ]
