2.0331910
2.0535095
2.0723042
2.0894456
2.1047709
2.1181011
2.1297131
2.1402924
2.1496105
2.1572900
2.1628895
2.1659229
2.1660988
2.1631517
2.1568270
2.1468225
2.1335084
2.1153502
2.0915380
2.0632949
2.0327692
2.0088606
2.0079305
2.0343137
2.0920968
2.2013013
2.3790720
2.6233582
2.9246306
3.2784271
3.6804314
4.0979824
4.4699821
4.7655997
4.9870882
5.1445026
5.2458344
5.2967944
5.3106923
5.3071437
5.2917175
5.2703352
5.2456603
5.2195272
5.1933603
5.1682315
5.1448092
5.1238642
5.1064997
5.0936623
5.0867023
5.0874152
5.0949836
5.1084824
5.1267862
5.1498384
5.1758547
5.2029610
5.2299933
5.2552395
5.2753239
5.2821980
5.2650666
5.2047243
5.0891867
4.9038773
4.6278696
4.2363892
3.7078810
3.1459606
2.6163580
2.1442437
1.7399833
1.4045758
1.1402093
0.9489245
0.8201437
0.7535083
0.7361851
0.7390854
0.7593083
0.7947693
0.8406019
0.8806574
0.9110235
0.9322568
0.9450196
0.9499500
0.9476508
0.9386811
0.9235572
0.9085414
0.9005665
0.9029068
0.9194484
0.9506556
0.9971060
1.0583525
1.1340317
1.2232300
1.3250337
